Pot.Evap (mm/d)
0.858498413
0.734123466
0.510714853
0.385253012
0.71781994
0.716272535
0.681319191
0.808374821
0.721179522
0.783155373
0.690827294
0.675306234
0.499504941
0.441043303
0.812154899
0.401531438
0.394420477
0.763098922
0.551674654
0.657046253
0.45899953
0.705068715
0.537013651
0.759382152
1.189339322
1.120847971
0.673236729
0.837210216
1.140381551
0.920694164
0.834707644
0.666198055
0.742327454
0.788919774
0.62526826
0.677223177
0.709179252
0.550538999
0.552417646
0.600034052
0.806005483
0.631399114
0.67025069
0.51736531
0.628013318
0.640718631
0.497599432
0.931228761
1.02552304
0.843588104
0.724348304
0.604301757
0.7514378
0.821185634
0.438416298
0.784534346
0.904259605
0.941623737
0.776961046
0.607813666
0.645560274
0.617717703
0.664577983
0.616155307
0.671500795
0.339491525
0.356168539
0.542129935
0.421326905
0.578790135
0.64830949
0.725754029
0.67891775
0.672418122
0.591551773
0.649328863
0.911729436
1.067750642
0.746013997
0.68512346
0.662977865
1.000616016
0.956659777
1.250377078
1.199818637
0.998369675
1.064165488
1.016765084
1.02516859
1.132668704
1.085247277
0.946947429
0.950208811
1.038243594
1.136407327
0.991509499
1.053425031
1.31209831
1.107461056
0.794441819
1.06495925
0.789000906
0.950280484
0.872217158
1.350639469
0.431579743
0.748662788
1.022413949
0.957347499
1.306083342
1.42218635
0.939204809
1.147919485
1.644373086
1.291408711
0.827897963
1.466618075
1.476525855
1.38855506
1.360299885
1.927346524
1.890773927
2.016777577
2.176878673
1.596077768
1.690583951
2.174076534
2.267485235
2.770870749
1.668833826
1.68815689
1.392987795
1.469172521
2.154380889
2.024061151
1.36443905
1.512542786
2.089920472
2.043851562
2.594654373
2.685120481
3.212335877
3.16670277
1.922780301
1.943351096
1.42815065
1.69991752
1.85699933
1.795195547
2.580801593
2.396878808
3.871789122
4.003778127
4.325408335
4.291151766
3.936108704
3.204862359
3.011950714
3.588000061
3.978348757
4.233222957
3.756872079
3.355952893
4.628303837
4.715443774
4.959414172
5.292136101
5.727744827
5.263914251
4.216888544
4.354288716
2.609205397
3.999500945
5.391917433
3.788345278
2.966313399
5.133642731
3.665496491
4.239829754
4.120231712
3.647890046
6.199141394
7.156586126
4.795762993
4.912329286
4.942795407
5.615804808
5.262985301
4.49622372
4.76315317
6.408143068
5.843755777
4.859264679
4.991082036
4.810988389
3.119537992
6.475405523
3.500417001
4.352226366
3.837223761
4.47655277
5.06513258
5.369091125
2.250597874
5.289025112
4.452735952
3.489134404
4.22818927
3.608672229
3.915641959
4.251571383
3.83253347
4.400643399
4.022017394
4.248892926
3.658509941
4.213942298
5.063208594
5.47070418
5.427558063
3.518278034
5.193318716
5.248023511
3.821247851
4.151435757
4.401298301
3.148324538
4.003120759
3.137578957
3.611644959
4.477466885
4.105749409
4.75807591
5.116862537
4.416220224
4.540308109
4.957662639
4.647362031
3.836063943
3.674447653
5.553341194
6.266906097
3.469578737
3.70332598
4.313599015
3.015318229
3.424894513
3.883902586
4.161275352
3.082917767
2.403903782
2.438452898
2.843618039
3.685550772
3.724998557
2.245383329
3.181888641
3.679632652
2.679559846
1.511367832
3.3147698
3.811286944
3.380324277
2.65146083
1.580959246
2.298382602
2.653960416
2.137412702
0.98561698
1.015335816
2.271484944
2.398551294
3.226017088
1.934477017
1.812038855
1.569417892
1.611334365
1.23935656
1.285702925
1.766100638
1.936239947
1.376097963
1.639762779
1.466522794
1.363841244
2.079951667
1.999836173
1.611649853
2.005696811
2.011275985
1.776348665
1.731738871
1.22392454
0.810764507
1.646100516
1.673905287
1.76847374
1.456693434
1.347133224
1.304375746
1.542516064
1.292768957
1.863629131
1.018323648
0.589381463
0.631926658
1.059040461
1.012315754
0.922421722
0.752593793
1.123586096
1.146838248
1.087468581
1.072075017
0.706632099
0.914365845
1.069770812
0.726363839
0.690560799
1.063345936
1.003566905
1.120583212
0.870938543
0.965260028
0.76158572
0.717907451
0.49676349
0.536442719
0.710784488
0.85722022
0.809555652
0.524189718
1.001811038
0.731058944
0.802676236
1.132286996
0.625463873
0.898687816
0.58693578
0.867089279
0.589600231
0.815842202
0.919716554
0.885384874
0.697124666
1.241580913
1.595167889
0.476325842
0.553836519
0.840786572
0.469032756
0.817760003
0.919449554
0.808366184
0.813860695
0.839622872
0.742655631
0.769472684
0.999350293
1.025535144
0.866968174
0.751297373
0.825065613
0.756748566
0.761249325