Date	Qsim	Qobs	Precipitation	Temperature	AET	PET	Snow	Snowcover	SM	Recharge	SUZ	SLZ	Q0	Q1	Q2	Qsim_rain	Qsim_snow
20151001	2.477	1.116	0.0	7.9	1.57	1.93	0.0	0.00	132.3	0.0	8.0	11.9	0.000	1.525	0.951	2.469	0.008
20151002	1.885	0.592	0.0	5.9	1.45	1.81	0.0	0.00	130.8	0.0	4.0	14.0	0.000	0.766	1.119	1.879	0.006
20151003	1.402	0.452	0.0	6.2	1.24	1.57	0.0	0.00	129.6	0.0	0.7	16.0	0.000	0.128	1.274	1.397	0.005
20151004	1.230	0.376	0.0	6.4	1.27	1.61	0.0	0.00	128.3	0.0	0.0	15.4	0.000	0.000	1.230	1.225	0.004
20151005	1.139	0.340	0.0	7.3	0.96	1.24	0.0	0.00	127.4	0.0	0.0	14.3	0.000	0.000	1.139	1.135	0.004
20151006	1.058	0.319	0.1	8.6	0.99	1.29	0.0	0.00	126.4	0.0	0.0	13.3	0.000	0.000	1.058	1.054	0.004
20151007	0.980	0.314	0.0	10.8	1.35	1.77	0.0	0.00	125.1	0.0	0.0	12.3	0.000	0.000	0.980	0.976	0.003
20151008	0.908	0.308	0.0	7.1	1.47	1.94	0.0	0.00	123.6	0.0	0.0	11.4	0.000	0.000	0.908	0.904	0.003
20151009	1.777	1.196	17.1	7.1	1.07	1.38	0.0	0.00	132.0	7.6	3.7	13.5	0.000	0.699	1.078	1.772	0.005
20151010	1.332	0.728	0.3	4.9	1.31	1.64	0.0	0.00	130.9	0.1	0.5	15.5	0.000	0.095	1.236	1.328	0.004
20151011	1.182	0.533	0.0	9.3	1.16	1.47	0.0	0.00	129.7	0.0	0.0	14.8	0.000	0.000	1.182	1.178	0.004
20151012	1.095	0.467	0.0	13.4	1.07	1.36	0.0	0.00	128.7	0.0	0.0	13.7	0.000	0.000	1.095	1.091	0.003
20151013	1.184	0.469	5.0	13.2	1.64	2.08	0.0	0.00	129.7	2.3	0.0	14.9	0.000	0.000	1.184	1.180	0.003
20151014	1.267	0.666	4.9	6.0	1.59	2.00	0.0	0.00	130.7	2.3	0.0	15.9	0.000	0.000	1.267	1.263	0.004
20151015	1.173	0.539	0.0	6.4	1.28	1.61	0.0	0.00	129.4	0.0	0.0	14.7	0.000	0.000	1.173	1.170	0.003
20151016	1.162	0.553	2.2	4.2	1.58	2.01	0.0	0.00	129.0	1.0	0.0	14.6	0.000	0.000	1.162	1.158	0.003
20151017	1.341	0.594	7.2	-0.6	1.60	2.01	0.0	0.00	131.3	3.4	0.1	16.5	0.000	0.028	1.314	1.338	0.003
20151018	1.227	0.564	0.8	-3.3	1.41	1.78	0.6	1.00	129.8	0.0	0.0	15.4	0.000	0.000	1.227	1.224	0.003
20151019	1.137	0.516	0.8	-2.3	0.00	1.73	1.2	1.00	129.8	0.0	0.0	14.3	0.000	0.000	1.137	1.134	0.003
20151020	1.109	0.569	0.4	7.1	0.00	1.22	0.0	0.00	130.7	0.8	0.0	13.9	0.000	0.000	1.109	1.105	0.003
20151021	1.058	0.528	0.9	9.6	0.64	0.81	0.0	0.00	130.5	0.4	0.0	13.3	0.000	0.000	1.058	1.055	0.003
20151022	1.015	0.495	1.0	10.5	1.31	1.65	0.0	0.00	129.8	0.5	0.0	12.7	0.000	0.000	1.015	1.011	0.004
20151023	0.950	0.459	0.3	1.8	1.32	1.67	0.0	0.00	128.6	0.1	0.0	11.9	0.000	0.000	0.950	0.947	0.003
20151024	0.880	0.416	0.0	1.6	1.38	1.77	0.0	0.00	127.2	0.0	0.0	11.0	0.000	0.000	0.880	0.877	0.003
20151025	0.939	0.519	3.8	6.4	1.13	1.46	0.0	0.00	128.2	1.7	0.0	11.8	0.000	0.000	0.939	0.934	0.004
20151026	0.896	0.476	0.8	1.8	1.05	1.35	0.0	0.00	127.6	0.4	0.0	11.2	0.000	0.000	0.896	0.891	0.004
20151027	0.829	0.432	0.0	2.4	1.01	1.30	0.0	0.00	126.6	0.0	0.0	10.4	0.000	0.000	0.829	0.826	0.004
20151028	1.867	0.944	18.0	3.1	1.23	1.54	0.0	0.00	134.8	8.6	4.5	12.6	0.000	0.861	1.006	1.853	0.014
20151029	2.910	3.926	16.9	10.5	1.08	1.29	0.0	0.00	141.0	9.6	9.1	14.7	0.000	1.741	1.169	2.888	0.022
20151030	2.413	1.432	1.5	1.2	1.60	1.86	0.0	0.00	140.0	0.9	5.7	16.6	0.000	1.092	1.321	2.395	0.018
20151031	1.863	1.030	0.0	1.8	0.86	1.02	0.0	0.00	139.2	0.0	2.1	18.3	0.000	0.402	1.461	1.849	0.014
20151101	1.547	0.931	0.9	5.2	0.50	0.59	0.0	0.00	139.0	0.5	0.0	19.4	0.000	0.000	1.547	1.536	0.011
20151102	1.454	0.828	0.5	5.7	0.53	0.63	0.0	0.00	138.7	0.3	0.0	18.3	0.000	0.000	1.454	1.444	0.011
20151103	1.351	0.793	0.1	8.2	0.89	1.06	0.0	0.00	137.9	0.1	0.0	17.0	0.000	0.000	1.351	1.341	0.010
20151104	1.251	0.746	0.0	7.5	0.85	1.01	0.0	0.00	137.0	0.0	0.0	15.7	0.000	0.000	1.251	1.242	0.009
20151105	1.159	0.736	0.0	11.9	0.77	0.92	0.0	0.00	136.3	0.0	0.0	14.5	0.000	0.000	1.159	1.151	0.008
20151106	1.077	0.721	0.1	14.4	0.62	0.75	0.0	0.00	135.7	0.1	0.0	13.5	0.000	0.000	1.077	1.070	0.008
20151107	1.061	0.692	1.6	6.7	0.93	1.12	0.0	0.00	135.5	0.9	0.0	13.3	0.000	0.000	1.061	1.053	0.008
20151108	1.006	0.691	0.6	1.1	0.94	1.15	0.0	0.00	134.8	0.3	0.0	12.6	0.000	0.000	1.006	0.999	0.007
20151109	0.932	0.660	0.0	3.9	0.89	1.09	0.0	0.00	134.0	0.0	0.0	11.7	0.000	0.000	0.932	0.925	0.007
20151110	0.863	0.636	0.0	5.1	0.87	1.07	0.0	0.00	133.1	0.0	0.0	10.8	0.000	0.000	0.863	0.857	0.006
20151111	0.818	0.642	0.5	6.2	0.57	0.71	0.0	0.00	132.8	0.2	0.0	10.3	0.000	0.000	0.818	0.812	0.006
20151112	1.299	0.860	9.8	5.4	0.75	0.91	0.0	0.00	136.7	5.1	1.6	12.5	0.000	0.304	0.995	1.289	0.010
20151113	1.986	1.728	11.8	3.6	0.90	1.07	0.0	0.00	140.8	6.8	4.3	14.5	0.000	0.827	1.159	1.972	0.014
20151114	1.491	1.754	4.9	-1.4	0.62	0.73	3.8	1.00	140.2	0.0	0.9	16.5	0.000	0.179	1.311	1.480	0.011
20151115	1.427	1.139	0.2	0.3	0.00	0.69	0.7	1.00	141.5	1.9	0.0	17.9	0.000	0.000	1.427	1.414	0.013
20151116	1.400	1.105	1.0	0.3	0.00	1.06	0.0	0.00	142.2	1.1	0.0	17.6	0.000	0.000	1.400	1.385	0.015
20151117	1.296	0.978	0.0	-0.8	0.86	1.00	0.0	0.00	141.3	0.0	0.0	16.3	0.000	0.000	1.296	1.283	0.014
20151118	1.201	0.876	0.0	0.7	0.96	1.12	0.0	0.00	140.3	0.0	0.0	15.1	0.000	0.000	1.201	1.188	0.013
20151119	1.437	0.909	6.2	5.3	0.75	0.87	0.0	0.00	142.0	3.8	0.5	16.9	0.000	0.087	1.350	1.415	0.022
20151120	1.827	2.448	7.7	2.6	0.84	0.97	0.0	0.00	144.0	4.9	1.8	18.7	0.000	0.339	1.488	1.792	0.035
20151121	1.509	1.382	0.0	-0.1	0.66	0.76	0.0	0.00	143.3	0.0	0.0	18.9	0.000	0.000	1.509	1.482	0.027
20151122	1.407	1.177	0.2	2.4	0.62	0.72	0.0	0.00	142.8	0.1	0.0	17.7	0.000	0.000	1.407	1.382	0.025
20151123	1.303	1.032	1.6	-5.1	0.43	0.50	1.2	1.00	142.4	0.0	0.0	16.4	0.000	0.000	1.303	1.280	0.023
20151124	1.207	0.903	0.0	-7.0	0.00	0.54	1.2	1.00	142.4	0.0	0.0	15.2	0.000	0.000	1.207	1.186	0.022
20151125	1.118	0.904	0.0	-3.3	0.00	0.71	1.2	1.00	142.4	0.0	0.0	14.0	0.000	0.000	1.118	1.098	0.020
20151126	1.092	0.903	0.0	1.1	0.00	0.86	0.0	0.00	142.8	0.8	0.0	13.7	0.000	0.000	1.092	1.071	0.021
20151127	1.053	0.918	0.9	5.7	0.70	0.81	0.0	0.00	142.5	0.6	0.0	13.2	0.000	0.000	1.053	1.033	0.021
20151128	1.031	1.010	1.2	0.3	0.45	0.52	0.0	0.00	142.5	0.7	0.0	12.9	0.000	0.000	1.031	1.009	0.021
20151129	0.955	0.903	0.6	-5.4	0.86	1.00	0.5	1.00	141.6	0.0	0.0	12.0	0.000	0.000	0.955	0.935	0.020
20151130	0.884	0.793	0.1	-6.7	0.00	0.73	0.5	1.00	141.6	0.0	0.0	11.1	0.000	0.000	0.884	0.866	0.018
20151201	0.819	0.886	8.2	-4.3	0.00	0.80	6.9	1.00	141.6	0.0	0.0	10.3	0.000	0.000	0.819	0.802	0.017
20151202	3.248	3.150	19.8	1.5	0.00	1.13	1.0	1.00	150.0	17.3	11.8	12.5	0.000	2.252	0.996	3.064	0.183
20151203	3.785	2.823	9.4	1.1	0.00	0.63	0.0	0.00	152.5	7.8	13.8	14.6	0.000	2.625	1.160	3.562	0.223
20151204	3.414	1.756	3.3	-0.6	0.83	0.90	0.0	0.00	152.4	2.6	11.0	16.5	0.000	2.102	1.312	3.214	0.200
20151205	2.803	1.641	0.8	0.4	0.54	0.59	0.0	0.00	152.1	0.6	7.1	18.2	0.000	1.350	1.453	2.642	0.161
20151206	2.202	1.519	0.0	-0.1	0.80	0.87	0.0	0.00	151.3	0.0	3.2	19.9	0.000	0.618	1.583	2.079	0.123
20151207	1.709	1.415	0.0	-0.7	0.54	0.59	0.0	0.00	150.7	0.0	0.0	21.4	0.000	0.004	1.704	1.617	0.091
20151208	1.580	1.357	0.5	-2.1	0.75	0.82	0.4	1.00	150.0	0.0	0.0	19.8	0.000	0.000	1.580	1.496	0.084
20151209	1.484	1.346	0.0	0.4	0.00	0.92	0.0	0.00	150.1	0.3	0.0	18.6	0.000	0.000	1.484	1.405	0.080
20151210	1.375	1.485	0.0	4.2	0.81	0.89	0.0	0.00	149.3	0.0	0.0	17.3	0.000	0.000	1.375	1.301	0.074
20151211	1.273	1.555	0.0	5.2	0.63	0.70	0.0	0.00	148.7	0.0	0.0	16.0	0.000	0.000	1.273	1.205	0.068
20151212	1.195	1.411	0.3	3.6	1.12	1.24	0.0	0.00	147.6	0.2	0.0	15.0	0.000	0.000	1.195	1.131	0.064
20151213	1.122	1.283	0.3	1.4	1.43	1.60	0.0	0.00	146.3	0.2	0.0	14.1	0.000	0.000	1.122	1.062	0.061
20151214	1.115	1.250	1.5	3.7	0.42	0.48	0.0	0.00	146.3	1.0	0.0	14.0	0.000	0.000	1.115	1.054	0.061
20151215	1.921	2.227	10.4	3.7	0.50	0.55	0.0	0.00	149.0	7.3	3.4	15.9	0.000	0.651	1.270	1.808	0.113
20151216	1.446	1.702	0.8	-1.5	0.76	0.84	0.6	1.00	148.2	0.0	0.2	17.7	0.000	0.032	1.414	1.362	0.084
20151217	1.738	1.604	5.3	2.1	0.00	0.47	0.0	0.00	149.9	4.2	1.0	19.4	0.000	0.191	1.547	1.635	0.104
20151218	1.605	2.089	1.8	1.3	0.74	0.82	0.0	0.00	149.6	1.3	0.0	20.1	0.000	0.000	1.605	1.509	0.095
20151219	1.486	1.610	5.8	-4.2	0.83	0.92	4.5	1.00	148.8	0.0	0.0	18.7	0.000	0.000	1.486	1.398	0.088
20151220	1.377	1.473	0.5	-6.5	0.00	0.81	4.9	1.00	148.8	0.0	0.0	17.3	0.000	0.000	1.377	1.295	0.082
20151221	1.275	1.446	1.3	-3.4	0.00	0.81	5.9	1.00	148.8	0.0	0.0	16.0	0.000	0.000	1.275	1.199	0.076
20151222	4.149	4.738	20.6	2.7	0.00	0.84	0.0	0.00	154.9	20.3	14.3	17.8	0.000	2.731	1.419	3.818	0.332
20151223	4.375	3.627	7.9	4.8	0.70	0.74	0.0	0.00	155.6	6.5	14.8	19.5	0.000	2.823	1.552	4.025	0.350
20151224	4.753	5.496	9.1	7.1	0.73	0.77	0.0	0.00	156.3	7.6	16.2	21.0	0.000	3.078	1.675	4.376	0.376
20151225	3.859	3.355	0.0	3.7	0.95	1.00	0.0	0.00	155.4	0.0	10.9	22.4	0.000	2.070	1.789	3.556	0.303
20151226	3.118	2.822	0.0	-0.1	0.97	1.03	0.0	0.00	154.4	0.0	6.4	23.8	0.000	1.224	1.894	2.876	0.242
20151227	2.505	4.305	11.7	-1.5	0.81	0.87	9.0	1.00	153.6	0.0	2.7	25.0	0.000	0.513	1.992	2.313	0.192
20151228	2.044	3.357	1.8	-8.5	0.00	0.75	10.4	1.00	153.6	0.0	0.0	25.7	0.000	0.000	2.044	1.889	0.155
20151229	1.893	3.062	26.9	-8.4	0.00	0.83	31.1	1.00	153.6	0.0	0.0	23.8	0.000	0.000	1.893	1.750	0.143
20151230	1.753	2.735	3.3	-4.0	0.00	0.76	33.6	1.00	153.6	0.0	0.0	22.0	0.000	0.000	1.753	1.621	0.133
20151231	1.624	2.643	3.3	-1.4	0.00	0.76	36.2	1.00	153.6	0.0	0.0	20.4	0.000	0.000	1.624	1.501	0.123
20160101	1.504	2.500	2.8	-3.1	0.00	0.86	38.3	1.00	153.6	0.0	0.0	18.9	0.000	0.000	1.504	1.390	0.114
20160102	1.393	2.339	0.8	-4.5	0.00	0.73	39.0	1.00	153.6	0.0	0.0	17.5	0.000	0.000	1.393	1.288	0.105
20160103	1.290	2.225	1.8	-5.0	0.00	0.51	40.3	1.00	153.6	0.0	0.0	16.2	0.000	0.000	1.290	1.193	0.098
20160104	1.195	2.115	1.0	-13.8	0.00	0.39	41.1	1.00	153.6	0.0	0.0	15.0	0.000	0.000	1.195	1.105	0.090
20160105	1.107	2.022	0.3	-17.5	0.00	0.72	41.3	1.00	153.6	0.0	0.0	13.9	0.000	0.000	1.107	1.023	0.084
20160106	1.025	1.919	0.0	-10.3	0.00	0.72	41.3	1.00	153.6	0.0	0.0	12.9	0.000	0.000	1.025	0.948	0.078
20160107	0.950	1.800	0.0	-5.6	0.00	0.68	41.3	1.00	153.6	0.0	0.0	11.9	0.000	0.000	0.950	0.878	0.072
20160108	0.879	1.753	0.0	-5.2	0.00	0.81	41.3	1.00	153.6	0.0	0.0	11.0	0.000	0.000	0.879	0.813	0.067
20160109	0.815	1.727	0.0	-0.6	0.00	0.72	41.3	1.00	153.6	0.0	0.0	10.2	0.000	0.000	0.815	0.753	0.062
20160110	5.412	6.849	31.5	2.0	0.00	0.78	36.4	1.00	159.2	30.8	23.2	12.5	0.000	4.419	0.992	4.871	0.541
20160111	4.354	5.554	1.8	-5.9	0.00	0.69	37.8	1.00	159.2	0.0	16.8	14.5	0.000	3.197	1.156	3.921	0.432
20160112	3.479	3.136	0.3	-7.2	0.00	0.68	38.0	1.00	159.2	0.0	11.4	16.4	0.000	2.170	1.309	3.136	0.343
20160113	2.758	2.619	3.3	-13.2	0.00	0.50	40.5	1.00	159.2	0.0	6.9	18.2	0.000	1.308	1.450	2.488	0.269
20160114	2.164	2.367	0.5	-13.2	0.00	0.44	40.9	1.00	159.2	0.0	3.1	19.8	0.000	0.583	1.580	1.955	0.209
20160115	1.690	2.206	0.0	-9.7	0.00	0.81	40.9	1.00	159.2	0.0	0.0	21.2	0.000	0.000	1.690	1.529	0.161
20160116	1.565	2.124	4.6	-2.6	0.00	0.40	44.5	1.00	159.2	0.0	0.0	19.6	0.000	0.000	1.565	1.416	0.149
20160117	1.450	2.016	0.3	-7.1	0.00	0.39	44.7	1.00	159.2	0.0	0.0	18.2	0.000	0.000	1.450	1.312	0.138
20160118	1.343	1.878	5.3	-11.7	0.00	0.76	48.8	1.00	159.2	0.0	0.0	16.9	0.000	0.000	1.343	1.215	0.128
20160119	1.244	1.765	2.0	-15.4	0.00	0.55	50.3	1.00	159.2	0.0	0.0	15.6	0.000	0.000	1.244	1.125	0.118
20160120	1.152	1.637	1.3	-12.0	0.00	0.66	51.3	1.00	159.2	0.0	0.0	14.5	0.000	0.000	1.152	1.042	0.110
20160121	1.067	1.556	0.8	-13.8	0.00	0.46	51.9	1.00	159.2	0.0	0.0	13.4	0.000	0.000	1.067	0.965	0.102
20160122	0.988	1.458	0.0	-11.8	0.00	0.71	51.9	1.00	159.2	0.0	0.0	12.4	0.000	0.000	0.988	0.894	0.094
20160123	0.915	1.383	0.0	-11.0	0.00	0.54	51.9	1.00	159.2	0.0	0.0	11.5	0.000	0.000	0.915	0.828	0.087
20160124	0.848	1.268	0.0	-10.1	0.00	0.76	51.9	1.00	159.2	0.0	0.0	10.6	0.000	0.000	0.848	0.767	0.081
20160125	0.785	1.172	0.0	-6.0	0.00	1.19	51.9	1.00	159.2	0.0	0.0	9.9	0.000	0.000	0.785	0.710	0.075
20160126	0.727	1.156	1.8	-1.8	0.00	1.12	53.3	1.00	159.2	0.0	0.0	9.1	0.000	0.000	0.727	0.658	0.069
20160127	0.673	1.149	0.8	-5.7	0.00	0.67	53.9	1.00	159.2	0.0	0.0	8.5	0.000	0.000	0.673	0.609	0.064
20160128	0.624	1.122	0.3	-6.9	0.00	0.84	54.2	1.00	159.2	0.0	0.0	7.8	0.000	0.000	0.624	0.564	0.059
20160129	0.578	1.065	0.0	-3.2	0.00	1.14	54.2	1.00	159.2	0.0	0.0	7.3	0.000	0.000	0.578	0.523	0.055
20160130	0.535	1.028	0.0	-4.9	0.00	0.92	54.2	1.00	159.2	0.0	0.0	6.7	0.000	0.000	0.535	0.484	0.051
20160131	0.496	0.987	0.0	-0.2	0.00	0.83	54.2	1.00	159.2	0.0	0.0	6.2	0.000	0.000	0.496	0.448	0.047
20160201	0.897	1.314	0.0	2.1	0.00	0.67	49.2	1.00	159.8	4.5	1.1	8.7	0.000	0.200	0.697	0.796	0.101
20160202	0.723	1.256	0.0	-3.8	0.00	0.74	49.2	1.00	159.8	0.0	0.0	9.1	0.000	0.000	0.723	0.643	0.080
20160203	0.669	1.980	11.4	-1.8	0.00	0.79	58.0	1.00	159.8	0.0	0.0	8.4	0.000	0.000	0.669	0.596	0.074
20160204	1.060	2.251	0.5	1.2	0.00	0.63	53.5	1.00	160.2	4.5	1.1	10.8	0.000	0.203	0.858	0.924	0.137
20160205	0.873	1.600	0.3	-5.4	0.00	0.68	53.7	1.00	160.2	0.0	0.0	11.0	0.000	0.000	0.873	0.763	0.110
20160206	0.808	1.293	0.0	-5.5	0.00	0.71	53.7	1.00	160.2	0.0	0.0	10.1	0.000	0.000	0.808	0.707	0.102
20160207	0.749	1.158	0.0	-3.7	0.00	0.55	53.7	1.00	160.2	0.0	0.0	9.4	0.000	0.000	0.749	0.655	0.094
20160208	0.694	1.029	1.5	-7.1	0.00	0.55	54.9	1.00	160.2	0.0	0.0	8.7	0.000	0.000	0.694	0.606	0.087
20160209	0.642	0.916	3.3	-6.8	0.00	0.60	57.4	1.00	160.2	0.0	0.0	8.1	0.000	0.000	0.642	0.562	0.081
20160210	0.595	0.894	1.0	-4.8	0.00	0.81	58.2	1.00	160.2	0.0	0.0	7.5	0.000	0.000	0.595	0.520	0.075
20160211	0.551	0.871	1.0	-14.5	0.00	0.63	59.0	1.00	160.2	0.0	0.0	6.9	0.000	0.000	0.551	0.482	0.069
20160212	0.510	0.845	0.0	-16.6	0.00	0.67	59.0	1.00	160.2	0.0	0.0	6.4	0.000	0.000	0.510	0.446	0.064
20160213	0.473	0.838	1.3	-21.1	0.00	0.52	60.0	1.00	160.2	0.0	0.0	5.9	0.000	0.000	0.473	0.413	0.059
20160214	0.438	0.830	0.0	-25.3	0.00	0.63	60.0	1.00	160.2	0.0	0.0	5.5	0.000	0.000	0.438	0.383	0.055
20160215	0.406	0.823	0.0	-17.7	0.00	0.64	60.0	1.00	160.2	0.0	0.0	5.1	0.000	0.000	0.406	0.355	0.051
20160216	0.376	3.469	29.7	-1.9	0.00	0.50	82.8	1.00	160.2	0.0	0.0	4.7	0.000	0.000	0.376	0.328	0.047
20160217	0.348	3.215	0.0	-4.7	0.00	0.93	82.8	1.00	160.2	0.0	0.0	4.4	0.000	0.000	0.348	0.304	0.044
20160218	0.322	1.557	0.0	-10.4	0.00	1.03	82.8	1.00	160.2	0.0	0.0	4.0	0.000	0.000	0.322	0.282	0.040
20160219	0.298	1.329	4.8	-8.5	0.00	0.84	86.5	1.00	160.2	0.0	0.0	3.7	0.000	0.000	0.298	0.261	0.037
20160220	0.583	1.221	11.2	-0.5	0.00	0.72	93.7	1.00	160.6	3.7	0.4	6.5	0.000	0.069	0.514	0.501	0.082
20160221	0.503	1.322	2.3	-2.5	0.00	0.60	95.5	1.00	160.6	0.0	0.0	6.3	0.000	0.000	0.503	0.433	0.070
20160222	0.466	1.223	0.3	-10.1	0.00	0.75	95.7	1.00	160.6	0.0	0.0	5.8	0.000	0.000	0.466	0.401	0.065
20160223	0.431	1.108	0.0	-9.6	0.00	0.82	95.7	1.00	160.6	0.0	0.0	5.4	0.000	0.000	0.431	0.371	0.060
20160224	0.400	2.554	32.5	-1.9	0.00	0.44	120.8	1.00	160.6	0.0	0.0	5.0	0.000	0.000	0.400	0.344	0.056
20160225	4.619	13.910	28.7	1.6	0.00	0.78	119.2	1.00	162.5	28.3	21.1	7.6	0.000	4.012	0.608	3.902	0.717
20160226	3.655	5.036	1.0	-9.5	0.00	0.90	120.0	1.00	162.5	0.0	15.0	10.0	0.000	2.854	0.801	3.089	0.566
20160227	2.862	3.619	0.0	-8.6	0.00	0.94	120.0	1.00	162.5	0.0	9.9	12.3	0.000	1.883	0.979	2.419	0.443
20160228	2.996	3.085	1.0	1.4	0.00	0.78	115.8	1.00	162.8	4.9	9.7	14.4	0.000	1.852	1.145	2.526	0.471
20160229	4.170	3.157	4.8	1.7	0.00	0.78	108.7	1.00	163.2	11.4	15.1	16.3	0.000	2.872	1.298	3.460	0.710
20160301	3.337	2.891	0.3	-7.6	0.00	0.61	109.0	1.00	163.2	0.0	10.0	18.1	0.000	1.897	1.440	2.772	0.565
20160302	2.650	2.560	13.7	-7.6	0.00	0.65	119.5	1.00	163.2	0.0	5.7	19.7	0.000	1.079	1.571	2.204	0.446
20160303	2.084	2.368	0.3	-14.5	0.00	0.62	119.7	1.00	163.2	0.0	2.1	21.2	0.000	0.391	1.693	1.736	0.347
20160304	1.719	2.204	0.0	-13.0	0.00	0.66	119.7	1.00	163.2	0.0	0.0	21.6	0.000	0.000	1.719	1.435	0.285
20160305	1.592	1.984	0.0	-10.4	0.00	0.62	119.7	1.00	163.2	0.0	0.0	20.0	0.000	0.000	1.592	1.329	0.264
20160306	1.475	1.821	0.0	-5.6	0.00	0.67	119.7	1.00	163.2	0.0	0.0	18.5	0.000	0.000	1.475	1.231	0.244
20160307	1.366	1.791	2.8	-3.1	0.00	0.34	121.9	1.00	163.2	0.0	0.0	17.1	0.000	0.000	1.366	1.140	0.226
20160308	1.442	1.792	0.0	3.1	0.00	0.36	119.4	1.00	163.3	2.4	0.0	18.1	0.000	0.000	1.442	1.197	0.245
20160309	5.076	3.496	0.0	8.8	0.00	0.54	93.6	1.00	164.0	25.1	18.4	19.7	0.000	3.502	1.573	3.712	1.364
20160310	8.699	9.592	15.5	4.1	0.00	0.42	80.1	1.00	164.4	28.6	36.8	21.3	0.000	7.005	1.695	6.048	2.652
20160311	7.519	8.586	1.5	-0.8	0.00	0.58	79.4	1.00	164.5	2.1	30.0	22.7	0.000	5.712	1.807	5.234	2.285
20160312	8.009	6.622	0.0	3.3	0.00	0.65	68.0	1.00	164.6	11.3	32.0	24.0	0.000	6.097	1.912	5.469	2.540
20160313	8.098	6.679	0.0	2.5	0.00	0.73	58.6	1.00	164.6	9.3	32.0	25.2	0.000	6.090	2.008	5.425	2.673
20160314	6.698	5.417	4.8	-1.4	0.00	0.68	62.3	1.00	164.6	0.0	24.2	26.3	0.000	4.600	2.098	4.507	2.191
20160315	7.491	5.389	1.3	3.3	0.00	0.67	51.3	1.00	164.7	12.3	27.9	27.4	0.000	5.311	2.180	4.850	2.641
20160316	10.501	7.689	5.8	7.0	0.00	0.59	30.1	1.00	164.8	26.9	43.3	28.3	0.000	8.243	2.257	6.256	4.245
20160317	11.757	8.940	1.3	5.7	0.00	0.65	12.5	1.00	164.9	18.9	49.5	29.2	0.000	9.429	2.328	6.661	5.096
20160318	9.799	6.288	1.8	-2.7	0.00	0.91	13.8	1.00	164.9	0.0	38.9	30.0	0.000	7.405	2.394	5.585	4.215
20160319	8.160	5.130	0.5	-6.2	0.00	1.07	14.2	1.00	164.9	0.0	30.0	30.8	0.000	5.705	2.455	4.681	3.479
20160320	6.789	4.577	0.0	-4.3	0.00	0.75	14.2	1.00	164.9	0.0	22.5	31.5	0.000	4.277	2.511	3.923	2.866
20160321	5.641	4.244	0.0	-1.1	0.00	0.69	14.2	1.00	164.9	0.0	16.2	32.2	0.000	3.078	2.564	3.287	2.355
20160322	4.682	3.701	0.0	-2.4	0.00	0.66	14.2	1.00	164.9	0.0	10.9	32.8	0.000	2.070	2.612	2.753	1.929
20160323	4.336	3.568	1.5	0.0	0.00	1.00	12.9	1.00	164.9	2.8	8.8	33.3	0.000	1.679	2.657	2.522	1.814
20160324	3.593	3.266	4.1	-3.1	0.00	0.96	16.0	1.00	164.9	0.0	4.7	33.9	0.000	0.895	2.699	2.115	1.478
20160325	4.187	3.635	5.8	-0.2	0.00	1.25	14.2	1.00	164.9	7.6	7.6	34.4	0.000	1.450	2.737	2.361	1.826
20160326	4.423	3.523	0.0	1.2	0.00	1.20	8.3	1.00	164.9	5.9	8.7	34.8	0.000	1.650	2.773	2.433	1.990
20160327	5.004	3.342	0.0	4.4	0.00	1.00	0.0	0.00	164.9	8.3	11.5	35.2	0.000	2.199	2.806	2.645	2.359
20160328	6.357	4.481	13.7	1.4	1.06	1.06	0.0	0.00	163.9	13.7	18.5	35.6	0.000	3.521	2.836	3.296	3.062
20160329	5.307	4.507	4.1	-2.0	1.01	1.02	3.2	1.00	162.9	0.0	12.8	36.0	0.000	2.442	2.865	2.776	2.531
20160330	4.912	3.464	0.0	1.4	0.00	1.03	0.0	0.00	163.0	3.0	10.6	36.3	0.000	2.021	2.891	2.570	2.342
20160331	4.098	3.409	0.0	7.2	1.12	1.13	0.0	0.00	161.9	0.0	6.2	36.6	0.000	1.183	2.915	2.165	1.933
20160401	6.732	7.248	21.8	7.6	1.07	1.09	0.0	0.00	161.9	20.7	19.9	36.9	0.000	3.794	2.938	3.600	3.132
20160402	5.976	5.250	2.3	2.7	0.93	0.95	0.0	0.00	161.1	2.2	15.8	37.1	0.000	3.018	2.958	3.205	2.771
20160403	4.998	4.035	1.3	-6.6	0.93	0.95	1.0	1.00	160.2	0.0	10.6	37.4	0.000	2.020	2.978	2.685	2.312
20160404	4.177	3.379	0.0	-8.6	0.00	1.04	1.0	1.00	160.2	0.0	6.2	37.6	0.000	1.182	2.996	2.249	1.928
20160405	3.489	3.052	0.0	-7.8	0.00	1.14	1.0	1.00	160.2	0.0	2.5	37.8	0.000	0.477	3.012	1.883	1.606
20160406	2.975	2.841	3.8	-3.6	0.00	0.99	3.9	1.00	160.2	0.0	0.0	37.3	0.000	0.000	2.975	1.609	1.366
20160407	5.270	4.811	15.0	2.8	0.00	1.05	0.0	0.00	161.6	17.5	12.0	37.6	0.000	2.277	2.993	2.928	2.342
20160408	4.407	5.221	8.4	-1.8	1.29	1.31	6.5	1.00	160.4	0.0	7.3	37.8	0.000	1.398	3.010	2.441	1.966
20160409	3.684	3.752	0.5	-3.8	0.00	1.11	6.9	1.00	160.4	0.0	3.5	38.0	0.000	0.659	3.025	2.033	1.651
20160410	3.078	3.241	0.5	-4.4	0.00	0.79	7.2	1.00	160.4	0.0	0.2	38.1	0.000	0.038	3.040	1.692	1.386
20160411	3.969	3.349	7.6	-0.1	0.00	1.06	5.3	1.00	161.1	8.7	4.8	38.3	0.000	0.916	3.053	2.218	1.750
20160412	6.172	6.278	13.7	2.4	0.00	0.79	0.0	0.00	162.3	17.8	16.3	38.5	0.000	3.107	3.065	3.552	2.620
20160413	5.217	3.992	0.3	1.8	0.93	0.95	0.0	0.00	161.4	0.3	11.2	38.6	0.000	2.140	3.077	2.993	2.224
20160414	4.370	3.437	0.0	3.2	0.85	0.87	0.0	0.00	160.5	0.0	6.7	38.7	0.000	1.282	3.087	2.497	1.873
20160415	3.659	3.153	0.0	5.3	1.31	1.35	0.0	0.00	159.2	0.0	3.0	38.9	0.000	0.562	3.097	2.081	1.578
20160416	3.086	2.927	0.0	7.0	0.42	0.43	0.0	0.00	158.8	0.0	0.0	38.7	0.000	0.000	3.086	1.747	1.339
20160417	2.858	2.740	0.0	10.8	0.72	0.75	0.0	0.00	158.1	0.0	0.0	35.9	0.000	0.000	2.858	1.618	1.240
20160418	2.880	2.715	3.6	10.4	0.98	1.02	0.0	0.00	157.6	3.1	0.0	36.1	0.000	0.000	2.880	1.640	1.239
20160419	3.814	4.629	10.2	6.7	0.92	0.96	0.0	0.00	158.0	8.9	4.8	36.5	0.000	0.909	2.905	2.244	1.569
20160420	3.176	3.092	0.0	5.4	1.25	1.31	0.0	0.00	156.7	0.0	1.3	36.7	0.000	0.248	2.928	1.854	1.323
20160421	2.808	2.674	0.0	10.2	1.35	1.42	0.0	0.00	155.4	0.0	0.0	35.2	0.000	0.000	2.808	1.632	1.176
20160422	2.692	2.642	1.5	14.9	0.89	0.94	0.0	0.00	154.7	1.2	0.0	33.8	0.000	0.000	2.692	1.570	1.122
20160423	2.523	2.532	0.5	4.9	1.08	1.15	0.0	0.00	153.7	0.4	0.0	31.7	0.000	0.000	2.523	1.473	1.050
20160424	2.337	2.301	0.0	3.5	1.53	1.64	0.0	0.00	152.2	0.0	0.0	29.3	0.000	0.000	2.337	1.364	0.973
20160425	2.165	2.157	0.0	3.5	1.19	1.29	0.0	0.00	151.0	0.0	0.0	27.2	0.000	0.000	2.165	1.264	0.901
20160426	2.719	2.213	8.1	0.2	0.76	0.83	0.0	0.00	152.2	6.2	2.5	28.1	0.000	0.477	2.243	1.639	1.080
20160427	2.290	2.759	0.5	1.0	1.35	1.47	0.0	0.00	150.9	0.4	0.0	28.7	0.000	0.000	2.290	1.368	0.922
20160428	2.121	2.361	0.0	1.1	1.35	1.48	0.0	0.00	149.6	0.0	0.0	26.6	0.000	0.000	2.121	1.267	0.854
20160429	1.965	2.071	0.0	4.6	1.26	1.39	0.0	0.00	148.3	0.0	0.0	24.7	0.000	0.000	1.965	1.174	0.791
20160430	1.820	1.902	0.0	7.3	1.22	1.36	0.0	0.00	147.1	0.0	0.0	22.8	0.000	0.000	1.820	1.087	0.733
20160501	2.127	2.001	6.4	6.4	1.73	1.93	0.0	0.00	147.3	4.5	1.1	24.1	0.000	0.204	1.923	1.303	0.824
20160502	3.412	3.685	15.0	4.2	1.71	1.89	0.0	0.00	149.7	10.9	7.3	25.3	0.000	1.394	2.019	2.220	1.192
20160503	2.798	2.943	0.3	5.1	1.83	2.02	0.0	0.00	147.9	0.2	3.6	26.4	0.000	0.691	2.107	1.803	0.995
20160504	2.254	2.463	0.0	5.2	1.95	2.18	0.0	0.00	146.0	0.0	0.3	27.5	0.000	0.065	2.189	1.434	0.820
20160505	2.053	2.270	0.0	8.3	1.41	1.60	0.0	0.00	144.6	0.0	0.0	25.8	0.000	0.000	2.053	1.304	0.749
20160506	1.901	1.994	0.0	12.7	1.48	1.69	0.0	0.00	143.1	0.0	0.0	23.9	0.000	0.000	1.901	1.208	0.694
20160507	1.761	1.875	0.0	13.0	1.89	2.17	0.0	0.00	141.2	0.0	0.0	22.1	0.000	0.000	1.761	1.119	0.643
20160508	3.403	3.494	19.6	4.1	1.99	2.27	0.0	0.00	146.0	12.8	8.1	23.5	0.000	1.534	1.869	2.344	1.059
20160509	2.796	2.563	0.5	2.3	2.45	2.77	0.0	0.00	143.7	0.3	4.3	24.7	0.000	0.827	1.969	1.908	0.887
20160510	2.241	2.120	0.0	6.9	1.45	1.67	0.0	0.00	142.3	0.0	0.9	25.9	0.000	0.180	2.061	1.510	0.731
20160511	1.978	1.923	0.0	9.7	1.46	1.69	0.0	0.00	140.8	0.0	0.0	24.8	0.000	0.000	1.978	1.327	0.651
20160512	1.832	1.807	0.0	14.9	1.19	1.39	0.0	0.00	139.6	0.0	0.0	23.0	0.000	0.000	1.832	1.229	0.603
20160513	2.567	2.636	11.7	14.3	1.26	1.47	0.0	0.00	142.9	7.2	3.3	24.3	0.000	0.632	1.935	1.799	0.768
20160514	3.077	2.615	9.9	13.1	1.89	2.15	0.0	0.00	144.5	6.4	5.5	25.5	0.000	1.048	2.030	2.211	0.866
20160515	3.773	4.502	11.9	4.6	1.80	2.02	0.0	0.00	146.5	8.1	8.7	26.6	0.000	1.655	2.118	2.783	0.990
20160516	3.548	3.117	4.3	1.0	1.22	1.36	0.0	0.00	146.6	3.0	7.1	27.6	0.000	1.349	2.199	2.626	0.922
20160517	2.892	2.596	0.0	6.2	1.34	1.51	0.0	0.00	145.3	0.0	3.2	28.5	0.000	0.618	2.274	2.122	0.770
20160518	2.348	2.360	0.0	8.0	1.84	2.09	0.0	0.00	143.4	0.0	0.0	29.4	0.000	0.004	2.344	1.705	0.643
20160519	2.368	2.355	4.1	11.3	1.79	2.04	0.0	0.00	143.1	2.6	0.0	29.7	0.000	0.000	2.368	1.734	0.633
20160520	2.207	2.305	0.3	12.5	2.25	2.59	0.0	0.00	141.0	0.2	0.0	27.7	0.000	0.000	2.207	1.618	0.589
20160521	2.044	2.031	0.0	14.4	2.29	2.69	0.0	0.00	138.7	0.0	0.0	25.7	0.000	0.000	2.044	1.498	0.546
20160522	2.099	1.966	4.8	15.5	2.72	3.21	0.0	0.00	138.0	2.8	0.0	26.3	0.000	0.000	2.099	1.555	0.544
20160523	1.944	1.738	0.0	12.0	2.65	3.17	0.0	0.00	135.3	0.0	0.0	24.4	0.000	0.000	1.944	1.440	0.504
20160524	1.832	1.604	0.8	16.3	1.58	1.92	0.0	0.00	134.1	0.4	0.0	23.0	0.000	0.000	1.832	1.359	0.473
20160525	1.708	1.513	0.3	17.8	1.58	1.94	0.0	0.00	132.7	0.2	0.0	21.4	0.000	0.000	1.708	1.268	0.440
20160526	1.582	1.334	0.0	17.9	1.15	1.43	0.0	0.00	131.5	0.0	0.0	19.9	0.000	0.000	1.582	1.174	0.408
20160527	1.584	1.211	3.3	21.3	1.36	1.70	0.0	0.00	131.9	1.6	0.0	19.9	0.000	0.000	1.584	1.185	0.399
20160528	1.467	1.060	0.0	22.8	1.48	1.86	0.0	0.00	130.4	0.0	0.0	18.4	0.000	0.000	1.467	1.097	0.370
20160529	1.393	0.969	1.0	21.1	1.42	1.80	0.0	0.00	129.5	0.5	0.0	17.5	0.000	0.000	1.393	1.044	0.349
20160530	1.386	1.100	2.8	19.6	2.04	2.58	0.0	0.00	129.0	1.3	0.0	17.4	0.000	0.000	1.386	1.046	0.340
20160531	1.334	0.970	1.5	18.1	1.88	2.40	0.0	0.00	127.9	0.7	0.0	16.7	0.000	0.000	1.334	1.010	0.324
20160601	1.236	0.807	0.0	16.9	3.00	3.87	0.0	0.00	124.9	0.0	0.0	15.5	0.000	0.000	1.236	0.936	0.300
20160602	1.144	0.697	0.0	17.8	3.03	4.00	0.0	0.00	121.9	0.0	0.0	14.4	0.000	0.000	1.144	0.867	0.278
20160603	1.088	0.686	1.0	18.2	3.20	4.33	0.0	0.00	119.3	0.4	0.0	13.7	0.000	0.000	1.088	0.825	0.262
20160604	1.007	0.582	0.0	17.8	3.10	4.29	0.0	0.00	116.2	0.0	0.0	12.6	0.000	0.000	1.007	0.765	0.243
20160605	5.144	6.100	56.9	14.7	3.12	3.94	0.0	0.00	141.9	28.1	20.9	14.7	0.000	3.974	1.171	4.426	0.718
20160606	4.243	3.323	1.0	15.8	2.76	3.20	0.0	0.00	139.5	0.6	15.3	16.6	0.000	2.921	1.322	3.639	0.604
20160607	3.447	1.761	0.5	15.3	2.55	3.01	0.0	0.00	137.2	0.3	10.4	18.3	0.000	1.985	1.462	2.944	0.503
20160608	2.859	1.497	1.3	9.7	2.99	3.59	0.0	0.00	134.8	0.7	6.7	20.0	0.000	1.267	1.592	2.432	0.426
20160609	2.540	1.494	3.3	6.3	3.27	3.98	0.0	0.00	133.1	1.7	4.3	21.5	0.000	0.828	1.712	2.158	0.381
20160610	2.027	1.334	0.3	9.3	3.42	4.23	0.0	0.00	129.8	0.1	1.1	22.9	0.000	0.204	1.823	1.712	0.315
20160611	1.795	1.261	0.8	9.1	2.96	3.76	0.0	0.00	127.3	0.4	0.0	22.5	0.000	0.000	1.795	1.513	0.282
20160612	1.753	1.317	2.8	9.7	2.60	3.36	0.0	0.00	126.3	1.2	0.0	22.0	0.000	0.000	1.753	1.482	0.271
20160613	2.096	2.320	10.4	10.4	3.62	4.63	0.0	0.00	128.3	4.7	1.2	23.4	0.000	0.235	1.861	1.797	0.299
20160614	1.815	1.758	0.0	12.6	3.67	4.72	0.0	0.00	124.7	0.0	0.0	22.8	0.000	0.000	1.815	1.551	0.264
20160615	1.690	1.105	0.3	15.9	3.75	4.96	0.0	0.00	121.1	0.1	0.0	21.2	0.000	0.000	1.690	1.444	0.245
20160616	1.565	0.865	0.0	16.6	3.88	5.29	0.0	0.00	117.2	0.0	0.0	19.6	0.000	0.000	1.565	1.338	0.227
20160617	1.450	0.704	0.0	16.2	4.07	5.73	0.0	0.00	113.2	0.0	0.0	18.2	0.000	0.000	1.450	1.239	0.211
20160618	1.343	0.610	0.0	17.3	3.61	5.26	0.0	0.00	109.5	0.0	0.0	16.9	0.000	0.000	1.343	1.148	0.195
20160619	1.244	0.522	0.0	19.1	2.80	4.22	0.0	0.00	106.7	0.0	0.0	15.6	0.000	0.000	1.244	1.063	0.181
20160620	1.152	0.444	0.0	21.6	2.82	4.35	0.0	0.00	103.9	0.0	0.0	14.5	0.000	0.000	1.152	0.984	0.167
20160621	1.128	0.435	3.6	15.9	1.67	2.61	0.0	0.00	105.0	0.8	0.0	14.2	0.000	0.000	1.128	0.967	0.161
20160622	1.240	0.963	10.2	12.2	2.64	4.00	0.0	0.00	109.9	2.6	0.0	15.6	0.000	0.000	1.240	1.074	0.166
20160623	1.158	0.691	0.5	14.6	3.60	5.39	0.0	0.00	106.7	0.1	0.0	14.5	0.000	0.000	1.158	1.003	0.155
20160624	1.078	0.455	0.3	15.6	2.45	3.79	0.0	0.00	104.5	0.1	0.0	13.5	0.000	0.000	1.078	0.934	0.144
20160625	0.999	0.358	0.0	17.6	1.88	2.97	0.0	0.00	102.6	0.0	0.0	12.5	0.000	0.000	0.999	0.865	0.133
20160626	0.925	0.298	0.0	20.3	3.19	5.13	0.0	0.00	99.4	0.0	0.0	11.6	0.000	0.000	0.925	0.801	0.123
20160627	0.857	0.269	0.0	19.1	2.21	3.67	0.0	0.00	97.2	0.0	0.0	10.8	0.000	0.000	0.857	0.742	0.114
20160628	3.440	3.820	54.6	20.2	2.96	4.24	0.0	0.00	130.6	18.3	12.6	12.9	0.000	2.409	1.031	3.186	0.254
20160629	3.215	2.979	6.6	17.6	3.30	4.12	0.0	0.00	130.7	3.2	10.6	15.0	0.000	2.023	1.193	2.979	0.236
20160630	2.549	1.099	0.3	17.5	2.89	3.65	0.0	0.00	127.9	0.1	6.3	16.8	0.000	1.207	1.342	2.354	0.195
20160701	3.054	1.314	14.0	17.4	4.94	6.20	0.0	0.00	130.3	6.7	8.3	18.6	0.000	1.573	1.481	2.842	0.212
20160702	2.512	1.384	1.3	12.2	5.66	7.16	0.0	0.00	125.3	0.6	4.7	20.2	0.000	0.903	1.609	2.333	0.180
20160703	1.972	0.835	0.0	14.7	3.64	4.80	0.0	0.00	121.6	0.0	1.3	21.7	0.000	0.244	1.728	1.824	0.148
20160704	1.695	0.568	0.0	18.0	3.62	4.91	0.0	0.00	118.0	0.0	0.0	21.3	0.000	0.000	1.695	1.564	0.130
20160705	1.570	0.459	0.0	19.2	3.54	4.94	0.0	0.00	114.5	0.0	0.0	19.7	0.000	0.000	1.570	1.449	0.121
20160706	1.454	0.367	0.0	20.8	3.90	5.62	0.0	0.00	110.6	0.0	0.0	18.2	0.000	0.000	1.454	1.342	0.112
20160707	1.459	0.558	5.3	21.9	3.59	5.26	0.0	0.00	110.8	1.5	0.0	18.3	0.000	0.000	1.459	1.350	0.109
20160708	1.351	0.531	0.0	18.5	3.02	4.50	0.0	0.00	107.8	0.0	0.0	17.0	0.000	0.000	1.351	1.251	0.101
20160709	1.951	1.310	19.8	14.5	3.31	4.76	0.0	0.00	118.2	6.1	2.4	18.7	0.000	0.461	1.489	1.831	0.120
20160710	1.807	1.557	5.6	13.9	4.66	6.41	0.0	0.00	117.1	2.0	1.0	20.3	0.000	0.190	1.617	1.696	0.111
20160711	1.608	0.989	1.5	16.3	4.17	5.84	0.0	0.00	113.9	0.5	0.0	20.2	0.000	0.000	1.608	1.508	0.100
20160712	1.489	0.587	0.0	18.2	3.36	4.86	0.0	0.00	110.6	0.0	0.0	18.7	0.000	0.000	1.489	1.397	0.093
20160713	1.379	0.423	0.0	20.7	3.35	4.99	0.0	0.00	107.2	0.0	0.0	17.3	0.000	0.000	1.379	1.294	0.086
20160714	1.626	1.181	13.7	21.2	3.27	4.81	0.0	0.00	113.8	3.9	0.6	19.0	0.000	0.111	1.515	1.536	0.091
20160715	1.487	0.906	1.8	20.1	2.16	3.12	0.0	0.00	112.8	0.5	0.0	18.7	0.000	0.000	1.487	1.403	0.083
20160716	1.384	0.570	0.3	18.0	4.43	6.48	0.0	0.00	108.6	0.1	0.0	17.4	0.000	0.000	1.384	1.306	0.077
20160717	1.281	0.428	0.0	19.4	2.30	3.50	0.0	0.00	106.3	0.0	0.0	16.1	0.000	0.000	1.281	1.210	0.072
20160718	1.339	0.633	7.9	19.4	2.88	4.35	0.0	0.00	109.3	2.1	0.0	16.8	0.000	0.000	1.339	1.268	0.071
20160719	1.246	0.613	0.3	13.6	2.54	3.84	0.0	0.00	107.0	0.1	0.0	15.6	0.000	0.000	1.246	1.181	0.066
20160720	1.160	0.380	0.3	14.8	2.90	4.48	0.0	0.00	104.3	0.1	0.0	14.6	0.000	0.000	1.160	1.099	0.061
20160721	1.074	0.275	0.0	17.9	3.20	5.07	0.0	0.00	101.1	0.0	0.0	13.5	0.000	0.000	1.074	1.018	0.057
20160722	1.732	0.601	23.6	21.6	3.57	5.37	0.0	0.00	114.8	6.3	2.6	15.5	0.000	0.500	1.233	1.663	0.070
20160723	2.961	4.040	26.9	18.9	1.68	2.25	0.0	0.00	129.5	10.5	8.3	17.3	0.000	1.582	1.379	2.871	0.090
20160724	2.351	1.577	0.3	17.2	4.15	5.29	0.0	0.00	125.5	0.1	4.4	19.0	0.000	0.836	1.515	2.275	0.076
20160725	1.828	0.897	0.0	18.4	3.39	4.45	0.0	0.00	122.1	0.0	1.0	20.6	0.000	0.187	1.641	1.764	0.063
20160726	1.601	0.690	0.3	19.1	2.58	3.49	0.0	0.00	119.7	0.1	0.0	20.1	0.000	0.000	1.601	1.544	0.057
20160727	1.490	0.491	0.3	20.4	3.07	4.23	0.0	0.00	116.8	0.1	0.0	18.7	0.000	0.000	1.490	1.438	0.053
20160728	1.380	0.399	0.0	20.5	2.56	3.61	0.0	0.00	114.3	0.0	0.0	17.3	0.000	0.000	1.380	1.332	0.049
20160729	1.278	0.343	0.0	18.9	2.71	3.92	0.0	0.00	111.6	0.0	0.0	16.0	0.000	0.000	1.278	1.233	0.045
20160730	1.184	0.270	0.0	16.7	2.88	4.25	0.0	0.00	108.7	0.0	0.0	14.9	0.000	0.000	1.184	1.142	0.042
20160731	1.097	0.238	0.0	16.6	2.52	3.83	0.0	0.00	106.2	0.0	0.0	13.8	0.000	0.000	1.097	1.058	0.039
20160801	2.341	2.084	30.5	14.8	3.10	4.40	0.0	0.00	123.6	10.0	5.7	15.7	0.000	1.088	1.253	2.286	0.055
20160802	1.797	0.970	0.0	17.0	3.01	4.02	0.0	0.00	120.5	0.0	2.1	17.6	0.000	0.399	1.399	1.751	0.046
20160803	1.450	0.535	0.0	18.0	3.10	4.25	0.0	0.00	117.4	0.0	0.0	18.2	0.000	0.000	1.450	1.410	0.039
20160804	1.343	0.368	0.0	18.8	2.60	3.66	0.0	0.00	114.8	0.0	0.0	16.9	0.000	0.000	1.343	1.306	0.036
20160805	1.244	0.267	0.0	20.7	2.93	4.21	0.0	0.00	111.9	0.0	0.0	15.6	0.000	0.000	1.244	1.210	0.034
20160806	1.158	0.226	0.3	19.6	3.44	5.06	0.0	0.00	108.7	0.1	0.0	14.5	0.000	0.000	1.158	1.127	0.031
20160807	1.121	0.195	2.5	16.7	3.63	5.47	0.0	0.00	106.9	0.7	0.0	14.1	0.000	0.000	1.121	1.092	0.030
20160808	1.039	0.163	0.0	16.7	3.52	5.43	0.0	0.00	103.4	0.0	0.0	13.0	0.000	0.000	1.039	1.011	0.028
20160809	0.962	0.125	0.0	16.7	2.20	3.52	0.0	0.00	101.2	0.0	0.0	12.1	0.000	0.000	0.962	0.937	0.025
20160810	0.891	0.139	0.0	18.5	3.18	5.19	0.0	0.00	98.0	0.0	0.0	11.2	0.000	0.000	0.891	0.867	0.024
20160811	0.825	0.121	0.0	22.1	3.12	5.25	0.0	0.00	94.9	0.0	0.0	10.4	0.000	0.000	0.825	0.803	0.022
20160812	0.853	0.190	6.6	23.1	2.26	3.82	0.0	0.00	98.0	1.2	0.0	10.7	0.000	0.000	0.853	0.831	0.021
20160813	0.978	0.456	11.9	19.7	2.58	4.15	0.0	0.00	104.8	2.6	0.0	12.3	0.000	0.000	0.978	0.956	0.022
20160814	0.932	0.533	1.5	21.1	2.81	4.40	0.0	0.00	103.1	0.3	0.0	11.7	0.000	0.000	0.932	0.911	0.021
20160815	0.863	0.246	0.0	18.6	1.97	3.15	0.0	0.00	101.1	0.0	0.0	10.8	0.000	0.000	0.863	0.844	0.019
20160816	2.809	1.591	43.4	16.9	2.81	4.00	0.0	0.00	127.4	14.3	9.3	13.0	0.000	1.772	1.037	2.774	0.034
20160817	3.470	6.765	16.8	17.6	2.51	3.14	0.0	0.00	133.6	8.1	11.9	15.0	0.000	2.272	1.198	3.432	0.038
20160818	2.821	1.217	1.0	18.6	2.93	3.61	0.0	0.00	131.2	0.5	7.7	16.9	0.000	1.474	1.347	2.789	0.032
20160819	2.209	0.748	0.0	18.0	3.56	4.48	0.0	0.00	127.6	0.0	3.8	18.6	0.000	0.723	1.485	2.182	0.027
20160820	1.706	0.514	0.0	18.1	3.18	4.11	0.0	0.00	124.5	0.0	0.5	20.2	0.000	0.092	1.613	1.684	0.022
20160821	2.630	0.680	18.3	19.1	3.73	4.76	0.0	0.00	130.7	8.3	4.7	21.7	0.000	0.898	1.732	2.603	0.027
20160822	2.955	3.195	10.9	12.9	4.14	5.12	0.0	0.00	132.0	5.5	5.8	23.1	0.000	1.113	1.842	2.927	0.028
20160823	2.363	0.995	0.0	14.5	3.53	4.42	0.0	0.00	128.4	0.0	2.2	24.4	0.000	0.420	1.943	2.340	0.024
20160824	1.963	0.659	0.0	18.3	3.53	4.54	0.0	0.00	124.9	0.0	0.0	24.6	0.000	0.000	1.963	1.942	0.020
20160825	1.818	0.537	0.0	19.2	3.75	4.96	0.0	0.00	121.2	0.0	0.0	22.8	0.000	0.000	1.818	1.799	0.019
20160826	1.684	0.459	0.0	19.9	3.41	4.65	0.0	0.00	117.7	0.0	0.0	21.1	0.000	0.000	1.684	1.666	0.017
20160827	1.559	0.361	0.0	18.8	2.74	3.84	0.0	0.00	115.0	0.0	0.0	19.6	0.000	0.000	1.559	1.543	0.016
20160828	1.541	0.363	4.1	19.6	2.59	3.67	0.0	0.00	115.2	1.3	0.0	19.3	0.000	0.000	1.541	1.526	0.016
20160829	1.435	0.363	0.3	16.5	3.88	5.55	0.0	0.00	111.5	0.1	0.0	18.0	0.000	0.000	1.435	1.420	0.014
20160830	1.329	0.285	0.0	16.4	4.24	6.27	0.0	0.00	107.3	0.0	0.0	16.7	0.000	0.000	1.329	1.315	0.013
20160831	1.935	1.028	20.1	17.6	2.40	3.47	0.0	0.00	118.8	6.1	2.5	18.4	0.000	0.467	1.468	1.919	0.016
20160901	1.566	0.813	1.0	15.9	2.67	3.70	0.0	0.00	116.8	0.3	0.0	19.7	0.000	0.000	1.566	1.553	0.013
20160902	1.451	0.455	0.0	14.6	3.05	4.31	0.0	0.00	113.8	0.0	0.0	18.2	0.000	0.000	1.451	1.438	0.012
20160903	1.344	0.329	0.0	14.1	2.08	3.02	0.0	0.00	111.7	0.0	0.0	16.9	0.000	0.000	1.344	1.332	0.012
20160904	1.245	0.261	0.0	15.6	2.32	3.42	0.0	0.00	109.4	0.0	0.0	15.6	0.000	0.000	1.245	1.234	0.011
20160905	1.153	0.213	0.0	17.1	2.57	3.88	0.0	0.00	106.8	0.0	0.0	14.5	0.000	0.000	1.153	1.143	0.010
20160906	1.068	0.176	0.0	18.3	2.69	4.16	0.0	0.00	104.1	0.0	0.0	13.4	0.000	0.000	1.068	1.058	0.009
20160907	0.989	0.147	0.0	19.8	1.95	3.08	0.0	0.00	102.2	0.0	0.0	12.4	0.000	0.000	0.989	0.980	0.009
20160908	0.940	0.172	1.5	19.9	1.50	2.40	0.0	0.00	101.8	0.3	0.0	11.8	0.000	0.000	0.940	0.932	0.008
20160909	0.883	0.166	0.8	19.6	1.51	2.44	0.0	0.00	101.0	0.2	0.0	11.1	0.000	0.000	0.883	0.875	0.007
20160910	0.818	0.120	0.0	18.6	1.74	2.84	0.0	0.00	99.2	0.0	0.0	10.3	0.000	0.000	0.818	0.811	0.007
20160911	1.221	0.820	19.1	13.5	2.38	3.69	0.0	0.00	111.3	4.6	1.2	12.5	0.000	0.226	0.995	1.213	0.008
20160912	1.015	0.290	0.3	12.3	2.52	3.72	0.0	0.00	109.0	0.1	0.0	12.7	0.000	0.000	1.015	1.008	0.007
20160913	0.940	0.169	0.0	15.3	1.48	2.25	0.0	0.00	107.5	0.0	0.0	11.8	0.000	0.000	0.940	0.934	0.007
20160914	0.984	0.306	5.8	13.1	2.11	3.18	0.0	0.00	109.7	1.5	0.0	12.4	0.000	0.000	0.984	0.978	0.007
20160915	0.918	0.224	0.3	9.8	2.45	3.68	0.0	0.00	107.4	0.1	0.0	11.5	0.000	0.000	0.918	0.911	0.006
20160916	0.850	0.149	0.0	11.7	1.74	2.68	0.0	0.00	105.7	0.0	0.0	10.7	0.000	0.000	0.850	0.844	0.006
20160917	0.832	0.116	2.5	14.0	0.98	1.51	0.0	0.00	106.6	0.6	0.0	10.4	0.000	0.000	0.832	0.826	0.005
20160918	0.893	0.306	6.4	18.0	2.19	3.31	0.0	0.00	109.2	1.7	0.0	11.2	0.000	0.000	0.893	0.888	0.005
20160919	0.843	0.234	0.8	17.3	2.53	3.81	0.0	0.00	107.2	0.2	0.0	10.6	0.000	0.000	0.843	0.838	0.005
20160920	0.780	0.183	0.0	18.6	2.20	3.38	0.0	0.00	105.0	0.0	0.0	9.8	0.000	0.000	0.780	0.776	0.005
20160921	0.723	0.113	0.0	15.9	1.69	2.65	0.0	0.00	103.3	0.0	0.0	9.1	0.000	0.000	0.723	0.718	0.004
20160922	0.669	0.089	0.0	17.0	0.99	1.58	0.0	0.00	102.4	0.0	0.0	8.4	0.000	0.000	0.669	0.665	0.004
20160923	1.086	0.736	17.8	11.7	1.52	2.30	0.0	0.00	114.0	4.6	1.2	10.8	0.000	0.228	0.858	1.081	0.005
20160924	0.917	0.335	1.5	8.1	1.84	2.65	0.0	0.00	113.2	0.5	0.0	11.5	0.000	0.000	0.917	0.912	0.004
20160925	0.849	0.225	0.0	6.2	1.47	2.14	0.0	0.00	111.7	0.0	0.0	10.7	0.000	0.000	0.849	0.845	0.004
20160926	0.786	0.197	0.0	8.1	0.67	0.99	0.0	0.00	111.1	0.0	0.0	9.9	0.000	0.000	0.786	0.783	0.004
20160927	0.815	0.240	4.1	12.3	0.69	1.02	0.0	0.00	113.3	1.2	0.0	10.2	0.000	0.000	0.815	0.812	0.004
20160928	0.766	0.176	0.5	12.6	1.56	2.27	0.0	0.00	112.1	0.1	0.0	9.6	0.000	0.000	0.766	0.763	0.003
20160929	0.710	0.149	0.0	10.7	1.63	2.40	0.0	0.00	110.4	0.0	0.0	8.9	0.000	0.000	0.710	0.706	0.003
20160930	0.657	0.122	0.0	8.7	2.16	3.23	0.0	0.00	108.3	0.0	0.0	8.2	0.000	0.000	0.657	0.654	0.003
20161001	0.609	0.138	0.0	8.7	1.27	1.93	0.0	0.00	107.0	0.0	0.0	7.6	0.000	0.000	0.609	0.606	0.003
20161002	0.564	0.170	0.0	9.8	1.18	1.81	0.0	0.00	105.8	0.0	0.0	7.1	0.000	0.000	0.564	0.561	0.003
20161003	0.601	0.207	4.3	11.7	1.02	1.57	0.0	0.00	108.1	1.1	0.0	7.5	0.000	0.000	0.601	0.598	0.003
20161004	0.556	0.195	0.0	11.6	1.06	1.61	0.0	0.00	107.0	0.0	0.0	7.0	0.000	0.000	0.556	0.554	0.002
20161005	0.515	0.163	0.0	12.1	0.80	1.24	0.0	0.00	106.2	0.0	0.0	6.5	0.000	0.000	0.515	0.513	0.002
20161006	0.483	0.156	0.3	12.7	0.83	1.29	0.0	0.00	105.6	0.1	0.0	6.1	0.000	0.000	0.483	0.481	0.002
20161007	0.452	0.139	0.3	15.1	1.13	1.77	0.0	0.00	104.7	0.1	0.0	5.7	0.000	0.000	0.452	0.450	0.002
20161008	0.419	0.135	0.0	13.7	1.23	1.94	0.0	0.00	103.5	0.0	0.0	5.3	0.000	0.000	0.419	0.417	0.002
20161009	0.388	0.140	0.0	8.0	0.86	1.38	0.0	0.00	102.6	0.0	0.0	4.9	0.000	0.000	0.388	0.386	0.002
20161010	0.359	0.140	0.0	4.4	1.02	1.64	0.0	0.00	101.6	0.0	0.0	4.5	0.000	0.000	0.359	0.358	0.002
20161011	0.333	0.142	0.0	8.4	0.90	1.47	0.0	0.00	100.7	0.0	0.0	4.2	0.000	0.000	0.333	0.331	0.001
20161012	0.308	0.129	0.0	12.7	0.83	1.36	0.0	0.00	99.8	0.0	0.0	3.9	0.000	0.000	0.308	0.307	0.001
20161013	0.308	0.125	1.5	9.8	1.27	2.08	0.0	0.00	99.8	0.3	0.0	3.9	0.000	0.000	0.308	0.306	0.001
20161014	0.285	0.136	0.0	4.7	1.21	2.00	0.0	0.00	98.6	0.0	0.0	3.6	0.000	0.000	0.285	0.284	0.001
20161015	0.264	0.132	0.0	5.8	0.96	1.61	0.0	0.00	97.6	0.0	0.0	3.3	0.000	0.000	0.264	0.263	0.001
20161016	0.313	0.158	4.8	10.2	1.21	2.01	0.0	0.00	100.3	0.9	0.0	3.9	0.000	0.000	0.313	0.312	0.001
20161017	0.294	0.221	0.3	14.3	1.22	2.01	0.0	0.00	99.3	0.1	0.0	3.7	0.000	0.000	0.294	0.293	0.001
20161018	0.272	0.168	0.0	13.1	1.07	1.78	0.0	0.00	98.2	0.0	0.0	3.4	0.000	0.000	0.272	0.271	0.001
20161019	0.259	0.186	0.5	11.6	1.03	1.73	0.0	0.00	97.6	0.1	0.0	3.3	0.000	0.000	0.259	0.258	0.001
20161020	0.282	0.223	3.0	8.6	0.73	1.22	0.0	0.00	99.3	0.6	0.0	3.5	0.000	0.000	0.282	0.281	0.001
20161021	2.403	2.887	46.5	12.0	0.57	0.81	0.0	0.00	130.1	15.1	10.0	6.3	0.000	1.904	0.499	2.398	0.004
20161022	4.146	4.492	27.2	5.7	1.36	1.65	0.0	0.00	141.2	14.8	18.1	8.8	0.000	3.447	0.700	4.140	0.006
20161023	3.460	1.951	2.0	1.4	1.44	1.67	0.0	0.00	140.5	1.2	13.5	11.1	0.000	2.574	0.886	3.455	0.005
20161024	3.401	1.316	7.1	1.0	1.52	1.77	0.0	0.00	141.8	4.3	12.3	13.3	0.000	2.343	1.058	3.395	0.005
20161025	2.700	1.072	0.3	-0.1	1.25	1.46	0.0	0.00	140.6	0.2	7.8	15.3	0.000	1.482	1.217	2.695	0.004
20161026	2.095	0.907	0.0	-0.9	1.15	1.35	0.0	0.00	139.5	0.0	3.8	17.1	0.000	0.730	1.365	2.092	0.003
20161027	2.692	0.804	11.2	-0.9	1.12	1.30	0.0	0.00	142.7	6.8	6.2	18.9	0.000	1.190	1.502	2.688	0.004
20161028	3.359	1.843	11.9	1.6	1.35	1.54	0.0	0.00	145.5	7.8	9.1	20.4	0.000	1.730	1.629	3.355	0.004
20161029	4.211	3.742	13.7	3.1	1.16	1.29	0.0	0.00	148.5	9.5	12.9	21.9	0.000	2.465	1.746	4.206	0.005
20161030	3.524	3.149	1.0	3.4	1.68	1.86	0.0	0.00	147.1	0.7	8.8	23.3	0.000	1.669	1.855	3.520	0.004
20161031	3.008	1.921	1.5	-0.5	0.91	1.02	0.0	0.00	146.7	1.0	5.5	24.5	0.000	1.053	1.956	3.005	0.004
20161101	2.418	1.482	0.0	1.0	0.52	0.59	0.0	0.00	146.1	0.0	1.9	25.7	0.000	0.369	2.049	2.415	0.003
20161102	2.091	1.382	1.0	8.7	0.56	0.63	0.0	0.00	145.9	0.7	0.0	26.2	0.000	0.000	2.091	2.088	0.003
20161103	3.648	3.653	17.5	6.8	0.95	1.06	0.0	0.00	150.0	12.4	7.7	27.3	0.000	1.474	2.174	3.644	0.004
20161104	3.270	2.362	2.5	0.2	0.92	1.01	0.0	0.00	149.7	1.8	5.3	28.3	0.000	1.018	2.251	3.266	0.004
20161105	2.721	1.837	0.5	-0.9	0.84	0.92	0.0	0.00	149.0	0.4	2.1	29.2	0.000	0.399	2.323	2.718	0.003
20161106	2.475	1.745	2.3	1.1	0.68	0.75	0.0	0.00	149.0	1.7	0.5	30.0	0.000	0.086	2.389	2.472	0.003
20161107	2.246	1.577	0.0	2.0	1.01	1.12	0.0	0.00	148.0	0.0	0.0	28.2	0.000	0.000	2.246	2.243	0.003
20161108	2.080	1.460	0.0	5.9	1.03	1.15	0.0	0.00	147.0	0.0	0.0	26.1	0.000	0.000	2.080	2.078	0.002
20161109	1.942	1.394	0.3	4.0	0.97	1.09	0.0	0.00	146.1	0.2	0.0	24.4	0.000	0.000	1.942	1.940	0.002
20161110	1.799	1.322	0.0	1.9	0.95	1.07	0.0	0.00	145.1	0.0	0.0	22.6	0.000	0.000	1.799	1.797	0.002
20161111	2.134	1.636	6.9	1.3	0.63	0.71	0.0	0.00	146.7	4.7	1.2	23.9	0.000	0.230	1.903	2.132	0.002
20161112	1.852	1.396	0.0	-1.5	0.81	0.91	0.0	0.00	145.9	0.0	0.0	23.2	0.000	0.000	1.852	1.850	0.002
20161113	1.716	1.276	0.0	3.8	0.95	1.07	0.0	0.00	145.0	0.0	0.0	21.5	0.000	0.000	1.716	1.714	0.002
20161114	1.589	1.194	0.0	5.9	0.64	0.73	0.0	0.00	144.4	0.0	0.0	19.9	0.000	0.000	1.589	1.587	0.002
20161115	1.754	1.280	5.3	6.7	0.61	0.69	0.0	0.00	145.5	3.5	0.2	21.5	0.000	0.045	1.709	1.752	0.002
20161116	2.118	2.137	7.1	7.0	0.95	1.06	0.0	0.00	146.9	4.8	1.6	22.9	0.000	0.297	1.821	2.116	0.002
20161117	1.817	1.639	0.3	4.5	0.89	1.00	0.0	0.00	146.1	0.2	0.0	22.8	0.000	0.000	1.817	1.815	0.002
20161118	1.683	1.379	0.0	5.8	0.99	1.12	0.0	0.00	145.1	0.0	0.0	21.1	0.000	0.000	1.683	1.681	0.002
20161119	1.558	1.267	0.0	7.1	0.77	0.87	0.0	0.00	144.3	0.0	0.0	19.6	0.000	0.000	1.558	1.557	0.001
20161120	2.576	1.552	13.0	0.6	0.86	0.97	0.0	0.00	147.6	8.8	4.7	21.1	0.000	0.896	1.681	2.574	0.002
20161121	2.032	1.462	4.8	-4.3	0.68	0.76	3.7	1.00	146.9	0.0	1.2	22.5	0.000	0.237	1.795	2.030	0.002
20161122	1.754	1.288	1.0	-4.6	0.00	0.72	4.5	1.00	146.9	0.0	0.0	22.0	0.000	0.000	1.754	1.752	0.002
20161123	1.625	1.220	0.0	-4.0	0.00	0.50	4.5	1.00	146.9	0.0	0.0	20.4	0.000	0.000	1.625	1.623	0.001
20161124	1.505	1.206	4.3	-3.0	0.00	0.54	7.8	1.00	146.9	0.0	0.0	18.9	0.000	0.000	1.505	1.503	0.001
20161125	1.516	1.205	2.5	-0.8	0.00	0.71	7.9	1.00	147.7	1.7	0.0	19.0	0.000	0.000	1.516	1.514	0.002
20161126	1.801	1.284	0.8	0.9	0.00	0.86	2.7	1.00	149.4	4.2	0.8	20.6	0.000	0.160	1.641	1.786	0.015
20161127	1.582	1.335	0.3	-2.1	0.00	0.81	3.0	1.00	149.4	0.0	0.0	19.9	0.000	0.000	1.582	1.571	0.011
20161128	1.465	1.177	0.3	-4.0	0.00	0.52	3.2	1.00	149.4	0.0	0.0	18.4	0.000	0.000	1.465	1.455	0.010
20161129	1.357	3.182	19.3	-3.0	0.00	1.00	18.1	1.00	149.4	0.0	0.0	17.0	0.000	0.000	1.357	1.348	0.009
20161130	2.130	4.084	4.1	1.8	0.00	0.73	12.5	1.00	151.9	7.2	3.3	18.8	0.000	0.635	1.495	2.061	0.069
20161201	5.114	7.248	15.5	3.3	0.00	0.80	1.2	1.00	157.0	21.7	18.3	20.4	0.000	3.492	1.622	4.668	0.446
20161202	5.160	4.211	6.1	0.7	0.00	1.13	0.0	0.00	158.0	6.3	18.0	21.8	0.000	3.420	1.740	4.690	0.469
20161203	4.207	3.390	7.1	-2.2	0.60	0.63	5.5	1.00	157.4	0.0	12.4	23.2	0.000	2.357	1.849	3.838	0.368
20161204	3.415	2.945	0.0	-5.7	0.00	0.90	5.5	1.00	157.4	0.0	7.7	24.5	0.000	1.465	1.950	3.130	0.286
20161205	2.759	2.708	7.1	-6.1	0.00	0.59	10.9	1.00	157.4	0.0	3.8	25.7	0.000	0.715	2.044	2.542	0.218
20161206	2.217	2.507	1.8	-3.1	0.00	0.87	12.3	1.00	157.4	0.0	0.4	26.7	0.000	0.086	2.131	2.054	0.163
20161207	2.007	2.439	2.8	-2.8	0.00	0.59	14.5	1.00	157.4	0.0	0.0	25.2	0.000	0.000	2.007	1.862	0.145
20161208	1.859	2.369	0.8	-2.1	0.00	0.82	15.1	1.00	157.4	0.0	0.0	23.3	0.000	0.000	1.859	1.724	0.135
20161209	1.722	2.236	5.3	-8.1	0.00	0.92	19.2	1.00	157.4	0.0	0.0	21.6	0.000	0.000	1.722	1.597	0.125
20161210	1.594	2.098	0.3	-12.6	0.00	0.89	19.4	1.00	157.4	0.0	0.0	20.0	0.000	0.000	1.594	1.479	0.115
20161211	1.477	2.008	0.5	-11.5	0.00	0.70	19.8	1.00	157.4	0.0	0.0	18.5	0.000	0.000	1.477	1.370	0.107
20161212	1.368	1.916	16.3	-5.5	0.00	1.24	32.3	1.00	157.4	0.0	0.0	17.2	0.000	0.000	1.368	1.269	0.099
20161213	1.267	1.814	0.8	-3.4	0.00	1.60	33.0	1.00	157.4	0.0	0.0	15.9	0.000	0.000	1.267	1.175	0.092
20161214	1.173	1.784	1.8	-8.4	0.00	0.48	34.3	1.00	157.4	0.0	0.0	14.7	0.000	0.000	1.173	1.088	0.085
20161215	1.087	1.704	2.3	-16.3	0.00	0.55	36.1	1.00	157.4	0.0	0.0	13.6	0.000	0.000	1.087	1.008	0.079
20161216	1.007	1.639	0.0	-22.0	0.00	0.84	36.1	1.00	157.4	0.0	0.0	12.6	0.000	0.000	1.007	0.934	0.073
20161217	0.932	1.588	8.1	-11.0	0.00	0.47	42.4	1.00	157.4	0.0	0.0	11.7	0.000	0.000	0.932	0.865	0.068
20161218	0.863	5.114	19.8	-6.9	0.00	0.82	57.6	1.00	157.4	0.0	0.0	10.8	0.000	0.000	0.863	0.801	0.063
20161219	0.800	2.712	0.0	-16.7	0.00	0.92	57.6	1.00	157.4	0.0	0.0	10.0	0.000	0.000	0.800	0.742	0.058
20161220	0.741	2.109	0.0	-14.1	0.00	0.81	57.6	1.00	157.4	0.0	0.0	9.3	0.000	0.000	0.741	0.687	0.054
20161221	0.686	1.829	0.0	-5.1	0.00	0.81	57.6	1.00	157.4	0.0	0.0	8.6	0.000	0.000	0.686	0.636	0.050
20161222	0.635	1.712	3.0	-2.8	0.00	0.84	59.9	1.00	157.4	0.0	0.0	8.0	0.000	0.000	0.635	0.589	0.046
20161223	0.589	1.629	0.3	-2.2	0.00	0.74	60.1	1.00	157.4	0.0	0.0	7.4	0.000	0.000	0.589	0.546	0.043
20161224	0.545	1.599	3.3	-2.6	0.00	0.77	62.7	1.00	157.4	0.0	0.0	6.8	0.000	0.000	0.545	0.506	0.039
20161225	0.505	1.515	1.0	-8.0	0.00	1.00	63.4	1.00	157.4	0.0	0.0	6.3	0.000	0.000	0.505	0.468	0.037
20161226	0.468	1.499	2.3	-8.4	0.00	1.03	65.2	1.00	157.4	0.0	0.0	5.9	0.000	0.000	0.468	0.434	0.034
20161227	0.855	2.544	7.1	0.7	0.00	0.87	67.3	1.00	158.1	4.4	1.0	8.4	0.000	0.184	0.671	0.769	0.086
20161228	0.693	1.938	0.5	-6.9	0.00	0.75	67.6	1.00	158.1	0.0	0.0	8.7	0.000	0.000	0.693	0.626	0.067
20161229	0.642	1.669	10.2	-5.6	0.00	0.83	75.5	1.00	158.1	0.0	0.0	8.1	0.000	0.000	0.642	0.580	0.062
20161230	0.594	1.556	11.7	-7.6	0.00	0.76	84.5	1.00	158.1	0.0	0.0	7.5	0.000	0.000	0.594	0.537	0.057
20161231	0.550	1.470	3.8	-11.1	0.00	0.76	87.4	1.00	158.1	0.0	0.0	6.9	0.000	0.000	0.550	0.497	0.053
20170101	0.510	1.400	4.8	-5.6	0.00	0.86	91.1	1.00	158.1	0.0	0.0	6.4	0.000	0.000	0.510	0.461	0.049
20170102	0.472	1.375	0.0	-5.1	0.00	0.73	91.1	1.00	158.1	0.0	0.0	5.9	0.000	0.000	0.472	0.427	0.045
20170103	0.437	1.380	3.6	-3.8	0.00	0.51	93.9	1.00	158.1	0.0	0.0	5.5	0.000	0.000	0.437	0.395	0.042
20170104	0.405	1.661	8.1	-2.4	0.00	0.39	100.1	1.00	158.1	0.0	0.0	5.1	0.000	0.000	0.405	0.366	0.039
20170105	0.375	1.519	1.5	-7.9	0.00	0.72	101.3	1.00	158.1	0.0	0.0	4.7	0.000	0.000	0.375	0.339	0.036
20170106	0.347	1.404	0.5	-11.2	0.00	0.72	101.7	1.00	158.1	0.0	0.0	4.4	0.000	0.000	0.347	0.314	0.033
20170107	0.322	1.323	0.0	-13.2	0.00	0.68	101.7	1.00	158.1	0.0	0.0	4.0	0.000	0.000	0.322	0.291	0.031
20170108	0.298	1.271	0.5	-16.6	0.00	0.81	102.1	1.00	158.1	0.0	0.0	3.7	0.000	0.000	0.298	0.269	0.029
20170109	0.276	1.208	0.0	-18.9	0.00	0.72	102.1	1.00	158.1	0.0	0.0	3.5	0.000	0.000	0.276	0.249	0.027
20170110	0.256	1.118	1.5	-9.8	0.00	0.78	103.2	1.00	158.1	0.0	0.0	3.2	0.000	0.000	0.256	0.231	0.025
20170111	0.492	1.084	6.1	2.0	0.00	0.69	105.5	1.00	158.6	3.3	0.1	6.0	0.000	0.018	0.474	0.434	0.058
20170112	2.814	2.256	6.4	3.5	0.00	0.68	93.5	1.00	160.5	16.5	11.2	8.5	0.000	2.137	0.677	2.319	0.495
20170113	2.144	3.207	1.8	-5.7	0.00	0.50	94.9	1.00	160.5	0.0	6.7	10.9	0.000	1.280	0.865	1.772	0.372
20170114	1.598	1.876	0.3	-15.0	0.00	0.44	95.1	1.00	160.5	0.0	2.9	13.0	0.000	0.560	1.039	1.326	0.272
20170115	1.179	1.557	0.5	-11.0	0.00	0.81	95.5	1.00	160.5	0.0	0.0	14.8	0.000	0.000	1.179	0.983	0.196
20170116	1.092	1.430	0.0	-8.3	0.00	0.40	95.5	1.00	160.5	0.0	0.0	13.7	0.000	0.000	1.092	0.910	0.181
20170117	1.011	1.395	2.0	-4.8	0.00	0.39	97.1	1.00	160.5	0.0	0.0	12.7	0.000	0.000	1.011	0.843	0.168
20170118	0.937	1.369	4.1	-2.4	0.00	0.76	100.2	1.00	160.5	0.0	0.0	11.8	0.000	0.000	0.937	0.781	0.156
20170119	0.867	1.326	2.0	-1.4	0.00	0.55	101.8	1.00	160.5	0.0	0.0	10.9	0.000	0.000	0.867	0.723	0.144
20170120	0.803	1.265	0.3	-1.5	0.00	0.66	102.0	1.00	160.5	0.0	0.0	10.1	0.000	0.000	0.803	0.670	0.134
20170121	0.744	1.244	0.8	-0.2	0.00	0.46	102.8	1.00	160.5	0.0	0.0	9.3	0.000	0.000	0.744	0.620	0.124
20170122	0.870	1.254	1.3	0.7	0.00	0.71	101.4	1.00	160.7	2.4	0.0	10.9	0.000	0.000	0.870	0.720	0.150
20170123	0.806	1.298	0.8	-2.3	0.00	0.54	102.0	1.00	160.7	0.0	0.0	10.1	0.000	0.000	0.806	0.667	0.139
20170124	0.746	1.567	21.6	-2.0	0.00	0.76	118.7	1.00	160.7	0.0	0.0	9.4	0.000	0.000	0.746	0.618	0.129
20170125	0.691	1.498	0.8	-3.9	0.00	1.19	119.3	1.00	160.7	0.0	0.0	8.7	0.000	0.000	0.691	0.572	0.119
20170126	1.746	1.902	8.1	0.4	0.00	1.12	118.0	1.00	161.4	8.6	4.6	11.0	0.000	0.868	0.878	1.403	0.343
20170127	1.264	1.791	13.7	-3.7	0.00	0.67	128.6	1.00	161.4	0.0	1.1	13.2	0.000	0.214	1.051	1.021	0.243
20170128	1.056	1.569	2.3	-3.5	0.00	0.84	130.4	1.00	161.4	0.0	0.0	13.3	0.000	0.000	1.056	0.855	0.201
20170129	0.978	1.462	2.0	-3.4	0.00	1.14	131.9	1.00	161.4	0.0	0.0	12.3	0.000	0.000	0.978	0.792	0.186
20170130	0.906	1.415	1.5	-11.3	0.00	0.92	133.1	1.00	161.4	0.0	0.0	11.4	0.000	0.000	0.906	0.733	0.173
20170131	0.839	1.349	0.0	-13.2	0.00	0.83	133.1	1.00	161.4	0.0	0.0	10.5	0.000	0.000	0.839	0.679	0.160
20170201	0.777	1.268	2.8	-8.3	0.00	0.67	135.2	1.00	161.4	0.0	0.0	9.8	0.000	0.000	0.777	0.629	0.148
20170202	0.720	1.215	1.3	-8.2	0.00	0.74	136.2	1.00	161.4	0.0	0.0	9.0	0.000	0.000	0.720	0.583	0.137
20170203	0.667	1.171	2.8	-9.7	0.00	0.79	138.4	1.00	161.4	0.0	0.0	8.4	0.000	0.000	0.667	0.540	0.127
20170204	0.617	1.123	1.8	-10.3	0.00	0.63	139.8	1.00	161.4	0.0	0.0	7.7	0.000	0.000	0.617	0.500	0.118
20170205	0.572	1.086	1.5	-7.0	0.00	0.68	140.9	1.00	161.4	0.0	0.0	7.2	0.000	0.000	0.572	0.463	0.109
20170206	0.530	1.073	3.8	-9.8	0.00	0.71	143.8	1.00	161.4	0.0	0.0	6.6	0.000	0.000	0.530	0.429	0.101
20170207	0.491	1.058	12.4	-8.4	0.00	0.55	153.4	1.00	161.4	0.0	0.0	6.2	0.000	0.000	0.491	0.397	0.093
20170208	0.454	1.233	6.1	-1.1	0.00	0.55	158.1	1.00	161.4	0.0	0.0	5.7	0.000	0.000	0.454	0.368	0.087
20170209	0.421	1.153	5.6	-13.0	0.00	0.60	162.4	1.00	161.4	0.0	0.0	5.3	0.000	0.000	0.421	0.341	0.080
20170210	0.390	1.103	1.8	-17.8	0.00	0.81	163.8	1.00	161.4	0.0	0.0	4.9	0.000	0.000	0.390	0.315	0.074
20170211	0.361	1.056	1.8	-13.6	0.00	0.63	165.2	1.00	161.4	0.0	0.0	4.5	0.000	0.000	0.361	0.292	0.069
20170212	0.334	1.016	17.0	-10.8	0.00	0.67	178.3	1.00	161.4	0.0	0.0	4.2	0.000	0.000	0.334	0.271	0.064
20170213	0.310	0.999	5.3	-7.2	0.00	0.52	182.3	1.00	161.4	0.0	0.0	3.9	0.000	0.000	0.310	0.251	0.059
20170214	0.287	0.961	5.6	-8.2	0.00	0.63	186.7	1.00	161.4	0.0	0.0	3.6	0.000	0.000	0.287	0.232	0.055
20170215	0.266	0.919	6.1	-4.5	0.00	0.64	191.3	1.00	161.4	0.0	0.0	3.3	0.000	0.000	0.266	0.215	0.051
20170216	0.246	0.920	5.3	-6.0	0.00	0.50	195.4	1.00	161.4	0.0	0.0	3.1	0.000	0.000	0.246	0.199	0.047
20170217	0.228	0.919	1.3	-7.1	0.00	0.93	196.4	1.00	161.4	0.0	0.0	2.9	0.000	0.000	0.228	0.184	0.043
20170218	0.211	0.916	0.0	-3.1	0.00	1.03	196.4	1.00	161.4	0.0	0.0	2.6	0.000	0.000	0.211	0.171	0.040
20170219	0.195	1.334	0.0	3.8	0.00	0.84	196.4	1.00	161.4	0.0	0.0	2.5	0.000	0.000	0.195	0.158	0.037
20170220	0.181	1.259	0.0	-3.8	0.00	0.72	196.4	1.00	161.4	0.0	0.0	2.3	0.000	0.000	0.181	0.147	0.035
20170221	0.168	1.109	0.3	-4.1	0.00	0.60	196.7	1.00	161.4	0.0	0.0	2.1	0.000	0.000	0.168	0.136	0.032
20170222	0.800	1.144	0.0	4.3	0.00	0.75	190.5	1.00	161.8	5.8	2.1	4.9	0.000	0.407	0.393	0.616	0.184
20170223	3.523	2.027	0.0	6.7	0.00	0.82	170.1	1.00	162.9	19.3	15.3	7.6	0.000	2.922	0.602	2.445	1.079
20170224	4.763	3.357	0.8	3.7	0.00	0.44	157.7	1.00	163.3	12.7	20.8	10.0	0.000	3.968	0.795	3.182	1.581
20170225	9.398	8.691	19.3	5.3	0.00	0.78	141.2	1.00	164.2	35.0	44.2	12.2	0.000	8.424	0.974	5.843	3.556
20170226	7.701	8.663	4.1	-4.7	0.00	0.90	144.3	1.00	164.2	0.0	34.4	14.3	0.000	6.561	1.140	4.796	2.905
20170227	6.289	4.705	0.8	-2.9	0.00	0.94	144.9	1.00	164.2	0.0	26.2	16.2	0.000	4.996	1.293	3.924	2.365
20170228	5.967	3.766	0.3	1.3	0.00	0.78	139.8	1.00	164.3	5.3	23.8	18.0	0.000	4.531	1.435	3.693	2.274
20170301	8.419	7.047	9.1	4.1	0.00	0.61	126.4	1.00	164.5	22.3	36.0	19.7	0.000	6.852	1.567	4.991	3.428
20170302	6.930	9.705	5.8	-3.1	0.00	0.65	130.9	1.00	164.5	0.0	27.5	21.2	0.000	5.241	1.689	4.118	2.811
20170303	5.689	5.714	0.0	-11.0	0.00	0.62	130.9	1.00	164.5	0.0	20.4	22.6	0.000	3.887	1.802	3.390	2.298
20170304	4.656	4.437	1.8	-16.5	0.00	0.66	132.3	1.00	164.5	0.0	14.4	23.9	0.000	2.750	1.907	2.784	1.872
20170305	3.798	3.799	0.0	-13.3	0.00	0.62	132.3	1.00	164.5	0.0	9.4	25.1	0.000	1.795	2.004	2.280	1.519
20170306	3.086	3.523	0.3	-7.5	0.00	0.67	132.5	1.00	164.5	0.0	5.2	26.3	0.000	0.992	2.093	1.860	1.226
20170307	2.495	3.396	4.3	-1.0	0.00	0.34	136.8	1.00	164.5	0.0	1.7	27.3	0.000	0.318	2.176	1.512	0.983
20170308	4.761	4.642	6.4	3.9	0.00	0.36	125.8	1.00	164.7	17.2	13.2	28.3	0.000	2.507	2.254	2.730	2.031
20170309	3.916	3.849	6.1	-3.0	0.00	0.54	130.5	1.00	164.7	0.0	8.4	29.2	0.000	1.591	2.325	2.258	1.658
20170310	3.212	3.300	2.8	-9.0	0.00	0.42	132.7	1.00	164.7	0.0	4.3	30.0	0.000	0.821	2.391	1.865	1.347
20170311	2.627	2.960	0.8	-19.8	0.00	0.58	133.3	1.00	164.7	0.0	0.9	30.8	0.000	0.175	2.452	1.537	1.090
20170312	2.339	2.586	0.0	-16.5	0.00	0.65	133.3	1.00	164.7	0.0	0.0	29.4	0.000	0.000	2.339	1.372	0.967
20170313	2.166	2.328	0.0	-13.2	0.00	0.73	133.3	1.00	164.7	0.0	0.0	27.2	0.000	0.000	2.166	1.271	0.896
20170314	2.006	2.261	34.3	-9.9	0.00	0.68	159.7	1.00	164.7	0.0	0.0	25.2	0.000	0.000	2.006	1.177	0.829
20170315	1.858	2.166	8.9	-9.4	0.00	0.67	166.6	1.00	164.7	0.0	0.0	23.3	0.000	0.000	1.858	1.090	0.768
20170316	1.721	2.038	2.8	-9.7	0.00	0.59	168.7	1.00	164.7	0.0	0.0	21.6	0.000	0.000	1.721	1.010	0.712
20170317	1.594	1.945	1.5	-8.5	0.00	0.65	169.9	1.00	164.7	0.0	0.0	20.0	0.000	0.000	1.594	0.935	0.659
20170318	1.476	1.869	0.0	-5.7	0.00	0.91	169.9	1.00	164.7	0.0	0.0	18.5	0.000	0.000	1.476	0.866	0.610
20170319	1.367	1.825	0.0	-3.1	0.00	1.07	169.9	1.00	164.7	0.0	0.0	17.2	0.000	0.000	1.367	0.802	0.565
20170320	1.267	1.843	0.0	-0.6	0.00	0.75	169.9	1.00	164.7	0.0	0.0	15.9	0.000	0.000	1.267	0.743	0.524
20170321	1.173	1.806	0.0	0.8	0.00	0.69	169.9	1.00	164.7	0.0	0.0	14.7	0.000	0.000	1.173	0.688	0.485
20170322	1.087	1.687	3.3	-8.8	0.00	0.66	172.4	1.00	164.7	0.0	0.0	13.6	0.000	0.000	1.087	0.637	0.449
20170323	1.006	1.582	0.0	-10.2	0.00	1.00	172.4	1.00	164.7	0.0	0.0	12.6	0.000	0.000	1.006	0.590	0.416
20170324	0.932	1.571	10.4	-6.1	0.00	0.96	180.4	1.00	164.7	0.0	0.0	11.7	0.000	0.000	0.932	0.547	0.385
20170325	0.863	1.515	0.5	-4.5	0.00	1.25	180.8	1.00	164.7	0.0	0.0	10.8	0.000	0.000	0.863	0.506	0.357
20170326	0.800	1.503	0.3	-2.8	0.00	1.20	181.1	1.00	164.7	0.0	0.0	10.0	0.000	0.000	0.800	0.469	0.331
20170327	0.741	1.841	10.4	-0.3	0.00	1.00	191.5	1.00	164.7	0.0	0.0	9.3	0.000	0.000	0.741	0.434	0.306
20170328	1.707	2.141	1.5	2.7	0.00	1.06	184.8	1.00	164.7	8.1	4.1	11.6	0.000	0.783	0.924	0.954	0.753
20170329	1.732	2.051	1.0	-0.3	0.00	1.02	182.7	1.00	164.7	3.1	3.4	13.7	0.000	0.639	1.093	0.964	0.767
20170330	2.006	1.816	0.0	0.7	0.00	1.03	178.1	1.00	164.8	4.6	4.0	15.7	0.000	0.756	1.250	1.107	0.899
20170331	3.947	1.761	11.7	0.3	0.00	1.13	174.5	1.00	164.8	15.2	13.4	17.5	0.000	2.551	1.395	2.146	1.801
20170401	6.446	1.659	16.0	0.7	0.00	1.09	169.9	1.00	164.9	20.6	25.8	19.2	0.000	4.916	1.530	3.539	2.907
20170402	6.830	1.886	0.3	2.6	0.00	0.95	160.4	1.00	164.9	9.8	27.2	20.8	0.000	5.176	1.655	3.750	3.080
20170403	7.137	2.019	0.0	2.6	0.00	0.95	150.8	1.00	164.9	9.6	28.2	22.2	0.000	5.367	1.770	3.897	3.240
20170404	8.416	2.412	10.4	1.1	0.00	1.04	145.3	1.00	164.9	15.9	34.3	23.6	0.000	6.539	1.877	4.557	3.859
20170405	8.389	2.592	2.0	1.6	0.00	1.14	138.3	1.00	164.9	9.0	33.7	24.8	0.000	6.413	1.976	4.518	3.871
20170406	10.570	3.849	15.2	1.8	0.00	0.99	130.8	1.00	165.0	22.7	44.6	26.0	0.000	8.501	2.068	5.664	4.905
20170407	11.344	5.213	8.4	1.9	0.00	1.05	123.1	1.00	165.0	16.0	48.3	27.0	0.000	9.191	2.153	6.074	5.270
20170408	9.437	3.902	5.1	-2.4	0.00	1.31	127.1	1.00	165.0	0.0	37.8	28.0	0.000	7.205	2.232	5.055	4.381
20170409	9.356	3.904	0.3	2.7	0.00	1.11	117.9	1.00	165.0	9.5	37.0	28.9	0.000	7.052	2.305	4.994	4.363
20170410	12.471	8.742	0.0	10.1	0.00	0.79	88.6	1.00	165.0	29.3	53.0	29.8	0.000	10.099	2.372	6.306	6.165
20170411	25.729	18.395	1.0	11.7	0.00	1.06	55.2	1.00	165.0	34.4	60.9	30.6	9.823	13.471	2.435	11.859	13.871
20170412	20.206	18.372	0.3	5.7	0.00	0.79	37.4	1.00	165.0	18.1	58.0	31.3	5.594	12.118	2.493	8.913	11.293
20170413	16.708	13.782	2.0	4.1	0.00	0.95	23.9	1.00	165.0	15.6	56.2	32.0	2.904	11.257	2.547	7.088	9.620
20170414	15.729	13.201	0.3	4.9	0.00	0.87	8.3	1.00	165.0	15.8	55.7	32.6	2.125	11.008	2.596	6.360	9.369
20170415	14.178	15.518	5.6	8.6	0.00	1.35	0.0	0.00	165.0	13.9	54.8	33.2	0.915	10.621	2.642	5.566	8.612
20170416	12.209	26.883	7.9	12.0	0.43	0.43	0.0	0.00	164.6	7.9	50.0	33.7	0.000	9.524	2.685	4.779	7.430
20170417	10.415	21.485	1.3	4.9	0.75	0.75	0.0	0.00	163.8	1.3	40.4	34.2	0.000	7.691	2.724	4.094	6.321
20170418	8.706	13.829	0.0	3.8	1.02	1.02	0.0	0.00	162.8	0.0	31.2	34.7	0.000	5.945	2.761	3.447	5.259
20170419	8.673	12.714	9.1	4.2	0.95	0.96	0.0	0.00	162.2	8.7	30.9	35.1	0.000	5.878	2.795	3.437	5.235
20170420	7.521	11.894	1.8	5.3	1.28	1.31	0.0	0.00	161.0	1.7	24.6	35.5	0.000	4.695	2.826	2.999	4.522
20170421	8.374	12.750	14.0	3.8	1.39	1.42	0.0	0.00	160.6	13.1	29.0	35.8	0.000	5.519	2.855	3.434	4.940
20170422	7.487	10.227	3.3	4.1	0.91	0.94	0.0	0.00	159.9	3.0	24.2	36.2	0.000	4.605	2.882	3.100	4.387
20170423	6.304	8.719	0.3	7.7	1.11	1.15	0.0	0.00	158.9	0.3	17.8	36.5	0.000	3.396	2.907	2.621	3.683
20170424	5.268	7.746	0.0	7.9	1.58	1.64	0.0	0.00	157.3	0.0	12.3	36.8	0.000	2.338	2.930	2.199	3.069
20170425	4.854	7.046	3.3	7.4	1.23	1.29	0.0	0.00	156.5	2.8	10.0	37.0	0.000	1.902	2.952	2.052	2.802
20170426	4.433	7.088	2.8	11.1	0.79	0.83	0.0	0.00	156.1	2.4	7.7	37.3	0.000	1.462	2.971	1.894	2.539
20170427	3.836	5.852	1.0	14.7	1.39	1.47	0.0	0.00	154.9	0.8	4.4	37.5	0.000	0.846	2.990	1.645	2.191
20170428	3.268	5.034	0.5	16.6	1.39	1.48	0.0	0.00	153.6	0.4	1.4	37.7	0.000	0.261	3.007	1.404	1.864
20170429	2.933	4.349	0.8	12.4	1.29	1.39	0.0	0.00	152.5	0.6	0.0	36.8	0.000	0.000	2.933	1.262	1.671
20170430	2.774	3.884	1.0	2.7	1.26	1.36	0.0	0.00	151.5	0.8	0.0	34.8	0.000	0.000	2.774	1.196	1.577
20170501	4.670	5.573	18.8	6.2	1.79	1.93	0.0	0.00	153.6	14.9	9.8	35.2	0.000	1.864	2.807	2.242	2.428
20170502	5.740	8.210	14.2	7.9	1.78	1.89	0.0	0.00	154.5	11.6	15.2	35.6	0.000	2.902	2.837	2.906	2.834
20170503	5.348	6.038	4.3	3.5	1.89	2.02	0.0	0.00	153.4	3.5	13.0	36.0	0.000	2.482	2.865	2.724	2.624
20170504	4.462	4.732	0.0	8.2	2.02	2.18	0.0	0.00	151.3	0.0	8.2	36.3	0.000	1.570	2.892	2.245	2.217
20170505	5.008	5.350	10.4	7.0	1.48	1.60	0.0	0.00	152.2	8.1	11.0	36.6	0.000	2.092	2.916	2.633	2.375
20170506	5.005	5.489	6.6	10.7	1.57	1.69	0.0	0.00	152.1	5.2	10.9	36.9	0.000	2.067	2.938	2.686	2.319
20170507	6.085	5.798	15.0	7.3	2.02	2.17	0.0	0.00	153.2	11.9	16.4	37.1	0.000	3.126	2.959	3.471	2.614
20170508	5.252	6.016	1.3	2.5	2.11	2.27	0.0	0.00	151.3	1.0	11.9	37.4	0.000	2.274	2.978	2.975	2.277
20170509	4.573	4.609	1.5	2.6	2.54	2.77	0.0	0.00	149.2	1.1	8.3	37.6	0.000	1.577	2.996	2.575	1.998
20170510	3.822	4.126	0.0	5.0	1.51	1.67	0.0	0.00	147.6	0.0	4.2	37.8	0.000	0.809	3.013	2.120	1.702
20170511	3.193	3.709	0.0	8.4	1.51	1.69	0.0	0.00	146.1	0.0	0.9	38.0	0.000	0.165	3.028	1.741	1.452
20170512	2.868	3.391	0.0	11.1	1.23	1.39	0.0	0.00	144.9	0.0	0.0	36.0	0.000	0.000	2.868	1.555	1.313
20170513	2.671	3.144	0.3	11.2	1.29	1.47	0.0	0.00	143.7	0.2	0.0	33.5	0.000	0.000	2.671	1.450	1.221
20170514	4.138	4.331	17.8	6.5	1.91	2.15	0.0	0.00	147.5	12.1	7.5	34.0	0.000	1.426	2.712	2.522	1.616
20170515	4.743	5.810	11.4	9.2	1.83	2.02	0.0	0.00	148.8	8.2	10.5	34.5	0.000	1.994	2.749	3.005	1.738
20170516	3.944	3.745	0.0	13.1	1.23	1.36	0.0	0.00	147.6	0.0	6.1	34.9	0.000	1.160	2.784	2.460	1.484
20170517	3.275	3.165	0.0	18.7	1.35	1.51	0.0	0.00	146.3	0.0	2.4	35.3	0.000	0.459	2.816	2.007	1.268
20170518	2.801	2.805	0.3	23.3	1.85	2.09	0.0	0.00	144.5	0.2	0.0	35.2	0.000	0.000	2.801	1.692	1.109
20170519	2.657	2.636	1.3	12.2	1.79	2.04	0.0	0.00	143.2	0.8	0.0	33.3	0.000	0.000	2.657	1.613	1.044
20170520	2.461	2.418	0.0	9.8	2.25	2.59	0.0	0.00	140.9	0.0	0.0	30.9	0.000	0.000	2.461	1.494	0.967
20170521	2.279	2.219	0.0	11.5	2.29	2.69	0.0	0.00	138.6	0.0	0.0	28.6	0.000	0.000	2.279	1.384	0.896
20170522	3.451	3.539	16.5	9.5	2.76	3.21	0.0	0.00	142.2	10.1	5.8	29.5	0.000	1.102	2.349	2.300	1.150
20170523	2.873	2.852	0.5	12.6	2.73	3.17	0.0	0.00	139.7	0.3	2.4	30.3	0.000	0.460	2.413	1.885	0.988
20170524	2.413	2.244	0.0	15.0	1.63	1.92	0.0	0.00	138.1	0.0	0.0	30.3	0.000	0.000	2.413	1.557	0.856
20170525	2.310	2.041	1.8	12.9	1.63	1.94	0.0	0.00	137.2	1.0	0.0	29.0	0.000	0.000	2.310	1.500	0.810
20170526	3.568	3.859	17.8	10.1	1.22	1.43	0.0	0.00	143.2	10.7	6.2	29.8	0.000	1.190	2.377	2.520	1.048
20170527	3.025	2.560	1.0	12.8	1.48	1.70	0.0	0.00	142.0	0.6	3.1	30.6	0.000	0.586	2.439	2.113	0.912
20170528	2.486	2.063	0.0	15.1	1.60	1.86	0.0	0.00	140.4	0.0	0.0	31.2	0.000	0.000	2.486	1.707	0.779
20170529	2.508	2.059	4.6	10.9	1.54	1.80	0.0	0.00	140.7	2.8	0.0	31.5	0.000	0.000	2.508	1.745	0.763
20170530	2.593	2.225	5.6	9.7	2.22	2.58	0.0	0.00	140.7	3.4	0.2	32.1	0.000	0.032	2.561	1.834	0.759
20170531	2.768	2.843	6.6	13.2	2.06	2.40	0.0	0.00	141.2	4.0	0.8	32.7	0.000	0.159	2.609	1.998	0.770
20170601	2.514	2.295	0.8	12.9	3.32	3.87	0.0	0.00	138.2	0.5	0.0	31.6	0.000	0.000	2.514	1.810	0.704
20170602	2.510	2.017	4.3	8.3	3.38	4.00	0.0	0.00	136.6	2.5	0.0	31.5	0.000	0.000	2.510	1.826	0.684
20170603	2.639	2.394	6.6	8.1	3.62	4.33	0.0	0.00	135.9	3.7	0.4	32.2	0.000	0.076	2.563	1.952	0.687
20170604	3.143	2.436	10.9	12.4	3.60	4.29	0.0	0.00	137.1	6.1	2.8	32.8	0.000	0.532	2.611	2.398	0.746
20170605	3.092	2.575	5.6	10.2	3.30	3.94	0.0	0.00	136.2	3.2	2.3	33.3	0.000	0.436	2.656	2.376	0.717
20170606	4.373	4.855	19.3	8.2	2.72	3.20	0.0	0.00	141.4	11.4	8.8	33.9	0.000	1.675	2.698	3.512	0.861
20170607	3.677	3.138	0.5	13.2	2.58	3.01	0.0	0.00	139.0	0.3	4.9	34.3	0.000	0.941	2.736	2.930	0.747
20170608	3.047	2.305	0.0	17.6	3.02	3.59	0.0	0.00	136.0	0.0	1.4	34.8	0.000	0.275	2.772	2.404	0.643
20170609	2.674	2.020	0.0	15.1	3.28	3.98	0.0	0.00	132.7	0.0	0.0	33.6	0.000	0.000	2.674	2.099	0.575
20170610	2.477	1.809	0.0	15.7	3.40	4.23	0.0	0.00	129.3	0.0	0.0	31.1	0.000	0.000	2.477	1.944	0.533
20170611	2.311	1.552	0.5	21.5	2.95	3.76	0.0	0.00	126.6	0.2	0.0	29.0	0.000	0.000	2.311	1.815	0.496
20170612	2.140	1.316	0.0	22.7	2.58	3.36	0.0	0.00	124.1	0.0	0.0	26.9	0.000	0.000	2.140	1.681	0.459
20170613	1.982	1.124	0.0	18.9	3.48	4.63	0.0	0.00	120.6	0.0	0.0	24.9	0.000	0.000	1.982	1.557	0.425
20170614	1.836	1.042	0.0	13.4	3.45	4.72	0.0	0.00	117.1	0.0	0.0	23.0	0.000	0.000	1.836	1.442	0.394
20170615	1.700	0.959	0.0	14.2	3.52	4.96	0.0	0.00	113.6	0.0	0.0	21.3	0.000	0.000	1.700	1.336	0.365
20170616	2.430	2.700	19.8	13.0	3.85	5.29	0.0	0.00	122.5	7.1	3.2	22.7	0.000	0.617	1.813	1.996	0.433
20170617	1.919	1.663	0.0	17.6	4.25	5.73	0.0	0.00	118.2	0.0	0.0	24.1	0.000	0.003	1.916	1.555	0.364
20170618	1.784	1.247	0.3	21.3	3.78	5.26	0.0	0.00	114.7	0.1	0.0	22.4	0.000	0.000	1.784	1.446	0.338
20170619	2.899	4.466	24.9	20.5	3.13	4.22	0.0	0.00	126.9	9.5	5.3	23.7	0.000	1.009	1.890	2.471	0.427
20170620	3.370	4.345	14.0	17.0	3.45	4.35	0.0	0.00	130.9	6.6	7.3	24.9	0.000	1.382	1.988	2.920	0.450
20170621	2.725	2.347	0.0	14.6	2.07	2.61	0.0	0.00	128.8	0.0	3.4	26.1	0.000	0.646	2.079	2.342	0.383
20170622	2.190	1.783	0.0	15.9	3.12	4.00	0.0	0.00	125.7	0.0	0.1	27.1	0.000	0.027	2.163	1.865	0.326
20170623	3.475	3.879	22.4	18.1	4.30	5.39	0.0	0.00	133.0	10.8	6.5	28.1	0.000	1.234	2.241	3.073	0.403
20170624	5.234	6.725	26.2	17.1	3.18	3.79	0.0	0.00	141.0	15.0	15.3	29.0	0.000	2.921	2.313	4.746	0.488
20170625	5.124	3.687	8.1	15.4	2.56	2.97	0.0	0.00	141.5	5.0	14.4	29.9	0.000	2.744	2.380	4.660	0.464
20170626	4.232	3.073	0.0	13.5	4.40	5.13	0.0	0.00	137.1	0.0	9.4	30.6	0.000	1.790	2.442	3.833	0.399
20170627	4.114	2.639	6.9	13.7	3.08	3.67	0.0	0.00	137.0	3.9	8.5	31.4	0.000	1.614	2.500	3.737	0.377
20170628	3.570	2.674	2.0	12.3	3.53	4.24	0.0	0.00	134.4	1.1	5.3	32.0	0.000	1.018	2.553	3.236	0.335
20170629	6.065	5.470	32.3	13.3	3.52	4.12	0.0	0.00	143.7	19.5	18.2	32.7	0.000	3.463	2.602	5.642	0.423
20170630	5.278	6.641	2.3	16.7	3.19	3.65	0.0	0.00	141.3	1.5	13.8	33.2	0.000	2.630	2.648	4.903	0.375
20170701	5.787	6.016	13.7	17.6	5.40	6.20	0.0	0.00	140.8	8.8	16.3	33.8	0.000	3.097	2.690	5.408	0.378
20170702	4.892	4.657	0.8	18.5	6.12	7.16	0.0	0.00	135.0	0.5	11.4	34.2	0.000	2.163	2.729	4.561	0.331
20170703	4.218	3.508	1.8	16.1	3.94	4.80	0.0	0.00	132.0	0.9	7.6	34.7	0.000	1.453	2.765	3.926	0.292
20170704	3.504	2.884	0.0	16.0	3.93	4.91	0.0	0.00	128.0	0.0	3.7	35.1	0.000	0.705	2.799	3.250	0.254
20170705	2.907	2.473	0.0	17.1	3.84	4.94	0.0	0.00	124.2	0.0	0.4	35.5	0.000	0.077	2.830	2.686	0.221
20170706	2.651	2.130	0.0	18.8	4.23	5.62	0.0	0.00	120.0	0.0	0.0	33.3	0.000	0.000	2.651	2.448	0.203
20170707	2.558	1.977	3.8	18.9	3.86	5.26	0.0	0.00	118.5	1.4	0.0	32.1	0.000	0.000	2.558	2.366	0.192
20170708	2.764	2.504	11.2	17.4	3.32	4.50	0.0	0.00	122.2	4.2	0.8	32.7	0.000	0.157	2.607	2.573	0.191
20170709	2.503	2.159	1.0	16.3	3.54	4.76	0.0	0.00	119.3	0.4	0.0	31.4	0.000	0.000	2.503	2.329	0.175
20170710	2.319	1.702	0.0	17.8	4.63	6.41	0.0	0.00	114.6	0.0	0.0	29.1	0.000	0.000	2.319	2.157	0.162
20170711	2.205	1.526	2.5	19.5	4.09	5.84	0.0	0.00	112.3	0.8	0.0	27.7	0.000	0.000	2.205	2.054	0.152
20170712	2.064	1.457	1.0	18.7	3.32	4.86	0.0	0.00	109.7	0.3	0.0	25.9	0.000	0.000	2.064	1.923	0.141
20170713	2.178	2.601	11.4	14.4	3.44	4.99	0.0	0.00	114.2	3.4	0.1	27.0	0.000	0.029	2.149	2.039	0.138
20170714	2.101	2.126	4.3	13.4	3.37	4.81	0.0	0.00	113.8	1.4	0.0	26.4	0.000	0.000	2.101	1.971	0.130
20170715	1.958	1.834	0.5	17.3	2.15	3.12	0.0	0.00	112.0	0.2	0.0	24.6	0.000	0.000	1.958	1.836	0.121
20170716	1.830	1.358	0.8	18.8	4.41	6.48	0.0	0.00	108.2	0.2	0.0	23.0	0.000	0.000	1.830	1.717	0.113
20170717	1.912	1.675	10.4	19.7	2.37	3.50	0.0	0.00	113.2	2.9	0.0	24.0	0.000	0.000	1.912	1.802	0.110
20170718	1.782	1.485	0.5	19.7	2.99	4.35	0.0	0.00	110.6	0.1	0.0	22.4	0.000	0.000	1.782	1.680	0.102
20170719	1.657	1.077	0.3	20.2	2.57	3.84	0.0	0.00	108.2	0.1	0.0	20.8	0.000	0.000	1.657	1.562	0.094
20170720	1.540	0.887	0.3	19.9	2.94	4.48	0.0	0.00	105.5	0.1	0.0	19.3	0.000	0.000	1.540	1.452	0.088
20170721	1.426	0.718	0.0	19.6	3.24	5.07	0.0	0.00	102.3	0.0	0.0	17.9	0.000	0.000	1.426	1.345	0.081
20170722	1.326	0.594	0.3	18.6	3.33	5.37	0.0	0.00	99.2	0.1	0.0	16.6	0.000	0.000	1.326	1.250	0.075
20170723	1.232	0.516	0.3	16.9	1.35	2.25	0.0	0.00	98.1	0.1	0.0	15.5	0.000	0.000	1.232	1.162	0.070
20170724	1.408	1.085	15.2	12.5	3.33	5.29	0.0	0.00	106.5	3.4	0.2	17.3	0.000	0.029	1.379	1.338	0.070
20170725	1.344	1.404	3.0	13.5	2.91	4.45	0.0	0.00	105.9	0.7	0.0	16.9	0.000	0.000	1.344	1.278	0.066
20170726	1.253	0.819	0.5	15.9	2.24	3.49	0.0	0.00	104.0	0.1	0.0	15.7	0.000	0.000	1.253	1.192	0.061
20170727	1.177	0.717	1.0	16.8	2.68	4.23	0.0	0.00	102.1	0.2	0.0	14.8	0.000	0.000	1.177	1.120	0.057
20170728	1.114	0.614	1.5	14.9	2.25	3.61	0.0	0.00	101.1	0.3	0.0	14.0	0.000	0.000	1.114	1.061	0.053
20170729	1.032	0.451	0.0	14.7	2.40	3.92	0.0	0.00	98.7	0.0	0.0	13.0	0.000	0.000	1.032	0.983	0.049
20170730	0.956	0.361	0.0	15.8	2.54	4.25	0.0	0.00	96.1	0.0	0.0	12.0	0.000	0.000	0.956	0.910	0.046
20170731	0.898	0.335	1.0	18.3	2.24	3.83	0.0	0.00	94.7	0.2	0.0	11.3	0.000	0.000	0.898	0.856	0.043
20170801	0.836	0.306	0.3	18.9	2.53	4.40	0.0	0.00	92.4	0.0	0.0	10.5	0.000	0.000	0.836	0.796	0.040
20170802	0.774	0.233	0.0	19.7	2.25	4.02	0.0	0.00	90.2	0.0	0.0	9.7	0.000	0.000	0.774	0.737	0.037
20170803	0.854	0.809	11.2	19.8	2.44	4.25	0.0	0.00	97.1	1.9	0.0	10.7	0.000	0.000	0.854	0.817	0.036
20170804	0.804	0.534	1.0	19.7	2.16	3.66	0.0	0.00	95.7	0.2	0.0	10.1	0.000	0.000	0.804	0.770	0.034
20170805	1.987	3.876	35.6	16.1	2.78	4.21	0.0	0.00	119.1	9.5	5.3	12.3	0.000	1.004	0.982	1.940	0.047
20170806	1.635	1.810	2.8	13.7	3.68	5.06	0.0	0.00	117.2	1.0	2.6	14.4	0.000	0.487	1.147	1.594	0.041
20170807	1.418	1.045	4.1	15.1	3.93	5.47	0.0	0.00	116.0	1.4	0.6	16.3	0.000	0.117	1.300	1.381	0.037
20170808	1.286	0.939	1.5	15.0	3.83	5.43	0.0	0.00	113.1	0.5	0.0	16.1	0.000	0.000	1.286	1.252	0.034
20170809	1.219	0.635	1.3	16.1	2.42	3.52	0.0	0.00	111.6	0.4	0.0	15.3	0.000	0.000	1.219	1.188	0.031
20170810	1.140	0.474	0.5	18.1	3.52	5.19	0.0	0.00	108.5	0.1	0.0	14.3	0.000	0.000	1.140	1.110	0.029
20170811	1.061	0.411	0.3	18.9	3.45	5.25	0.0	0.00	105.2	0.1	0.0	13.3	0.000	0.000	1.061	1.034	0.027
20170812	1.298	0.846	13.7	18.5	2.55	3.82	0.0	0.00	112.7	3.7	0.4	15.3	0.000	0.077	1.221	1.270	0.028
20170813	1.252	0.794	4.1	16.4	2.87	4.15	0.0	0.00	112.7	1.2	0.0	15.7	0.000	0.000	1.252	1.225	0.027
20170814	1.170	0.488	0.5	16.7	3.01	4.40	0.0	0.00	110.0	0.1	0.0	14.7	0.000	0.000	1.170	1.145	0.025
20170815	1.798	1.252	19.1	17.7	2.22	3.15	0.0	0.00	120.7	6.2	2.5	16.6	0.000	0.476	1.321	1.769	0.029
20170816	1.435	1.054	1.0	13.4	2.94	4.00	0.0	0.00	118.4	0.4	0.0	18.0	0.000	0.000	1.435	1.410	0.025
20170817	1.329	0.559	0.0	14.0	2.25	3.14	0.0	0.00	116.1	0.0	0.0	16.7	0.000	0.000	1.329	1.306	0.023
20170818	1.810	1.676	14.7	15.0	2.64	3.61	0.0	0.00	122.9	5.4	1.8	18.4	0.000	0.341	1.469	1.785	0.026
20170819	1.530	1.056	1.3	18.5	3.34	4.48	0.0	0.00	120.3	0.5	0.0	19.2	0.000	0.000	1.530	1.507	0.023
20170820	1.444	0.738	1.0	16.9	3.00	4.11	0.0	0.00	117.9	0.4	0.0	18.1	0.000	0.000	1.444	1.422	0.021
20170821	1.349	0.521	0.5	18.8	3.41	4.76	0.0	0.00	114.9	0.2	0.0	16.9	0.000	0.000	1.349	1.330	0.020
20170822	1.404	0.592	6.4	20.2	3.63	5.12	0.0	0.00	115.5	2.1	0.0	17.6	0.000	0.000	1.404	1.385	0.019
20170823	1.312	0.589	0.5	15.4	3.10	4.42	0.0	0.00	112.8	0.2	0.0	16.5	0.000	0.000	1.312	1.294	0.018
20170824	1.216	0.389	0.0	13.8	3.10	4.54	0.0	0.00	109.7	0.0	0.0	15.3	0.000	0.000	1.216	1.199	0.017
20170825	1.126	0.340	0.0	12.4	3.30	4.96	0.0	0.00	106.4	0.0	0.0	14.1	0.000	0.000	1.126	1.110	0.015
20170826	1.043	0.309	0.0	12.4	3.00	4.65	0.0	0.00	103.4	0.0	0.0	13.1	0.000	0.000	1.043	1.028	0.014
20170827	0.966	0.263	0.0	13.2	2.40	3.84	0.0	0.00	101.0	0.0	0.0	12.1	0.000	0.000	0.966	0.953	0.013
20170828	0.895	0.216	0.0	13.8	2.25	3.67	0.0	0.00	98.7	0.0	0.0	11.2	0.000	0.000	0.895	0.882	0.012
20170829	0.828	0.198	0.0	13.0	3.32	5.55	0.0	0.00	95.4	0.0	0.0	10.4	0.000	0.000	0.828	0.817	0.011
20170830	0.767	0.178	0.0	13.9	3.62	6.27	0.0	0.00	91.8	0.0	0.0	9.6	0.000	0.000	0.767	0.757	0.010
20170831	0.711	0.172	0.0	11.5	1.93	3.47	0.0	0.00	89.9	0.0	0.0	8.9	0.000	0.000	0.711	0.701	0.010
20170901	0.658	0.174	0.0	7.7	2.02	3.70	0.0	0.00	87.8	0.0	0.0	8.3	0.000	0.000	0.658	0.649	0.009
20170902	0.610	0.145	0.0	10.0	2.30	4.31	0.0	0.00	85.5	0.0	0.0	7.7	0.000	0.000	0.610	0.601	0.008
20170903	1.274	1.340	32.0	10.2	1.80	3.02	0.0	0.00	109.6	6.2	2.5	10.1	0.000	0.472	0.802	1.263	0.011
20170904	1.029	1.861	3.8	14.7	2.30	3.42	0.0	0.00	110.0	1.0	0.3	12.3	0.000	0.048	0.981	1.019	0.010
20170905	1.420	2.189	15.0	14.6	2.71	3.88	0.0	0.00	117.6	4.7	1.4	14.4	0.000	0.274	1.146	1.409	0.011
20170906	1.328	1.723	5.6	12.8	3.01	4.16	0.0	0.00	118.3	2.0	0.1	16.3	0.000	0.028	1.299	1.317	0.010
20170907	1.389	1.505	6.6	12.7	2.25	3.08	0.0	0.00	120.3	2.4	0.0	17.4	0.000	0.000	1.389	1.379	0.010
20170908	1.313	1.122	1.0	11.4	1.76	2.40	0.0	0.00	119.1	0.4	0.0	16.5	0.000	0.000	1.313	1.304	0.009
20170909	1.255	0.983	1.5	11.4	1.77	2.44	0.0	0.00	118.3	0.5	0.0	15.7	0.000	0.000	1.255	1.246	0.009
20170910	1.195	0.746	1.3	11.8	2.05	2.84	0.0	0.00	117.1	0.4	0.0	15.0	0.000	0.000	1.195	1.187	0.008
20170911	1.114	0.548	0.3	14.0	2.62	3.69	0.0	0.00	114.7	0.1	0.0	14.0	0.000	0.000	1.114	1.107	0.008
20170912	1.039	0.440	0.3	14.8	2.59	3.72	0.0	0.00	112.3	0.1	0.0	13.0	0.000	0.000	1.039	1.032	0.007
20170913	0.962	0.368	0.0	16.3	1.53	2.25	0.0	0.00	110.8	0.0	0.0	12.1	0.000	0.000	0.962	0.956	0.007
20170914	0.891	0.350	0.0	16.5	2.14	3.18	0.0	0.00	108.7	0.0	0.0	11.2	0.000	0.000	0.891	0.885	0.006
20170915	0.826	0.308	0.0	19.5	2.42	3.68	0.0	0.00	106.3	0.0	0.0	10.4	0.000	0.000	0.826	0.820	0.006
20170916	0.765	0.275	0.0	19.2	1.73	2.68	0.0	0.00	104.5	0.0	0.0	9.6	0.000	0.000	0.765	0.759	0.005
20170917	0.708	0.257	0.0	18.3	0.96	1.51	0.0	0.00	103.6	0.0	0.0	8.9	0.000	0.000	0.708	0.703	0.005
20170918	0.656	0.236	0.0	19.6	2.08	3.31	0.0	0.00	101.5	0.0	0.0	8.2	0.000	0.000	0.656	0.651	0.004
20170919	0.607	0.217	0.0	18.2	2.34	3.81	0.0	0.00	99.1	0.0	0.0	7.6	0.000	0.000	0.607	0.603	0.004
20170920	0.563	0.201	0.0	18.3	2.03	3.38	0.0	0.00	97.1	0.0	0.0	7.1	0.000	0.000	0.563	0.559	0.004
20170921	0.525	0.166	0.3	17.6	1.56	2.65	0.0	0.00	95.8	0.1	0.0	6.6	0.000	0.000	0.525	0.522	0.004
20170922	0.486	0.131	0.0	16.6	0.92	1.58	0.0	0.00	94.9	0.0	0.0	6.1	0.000	0.000	0.486	0.483	0.003
20170923	0.450	0.125	0.0	17.7	1.32	2.30	0.0	0.00	93.6	0.0	0.0	5.7	0.000	0.000	0.450	0.447	0.003
20170924	0.417	0.118	0.0	21.6	1.50	2.65	0.0	0.00	92.1	0.0	0.0	5.2	0.000	0.000	0.417	0.414	0.003
20170925	0.386	0.119	0.0	22.5	1.19	2.14	0.0	0.00	90.9	0.0	0.0	4.8	0.000	0.000	0.386	0.384	0.003
20170926	0.358	0.147	0.0	22.2	0.54	0.99	0.0	0.00	90.3	0.0	0.0	4.5	0.000	0.000	0.358	0.355	0.002
20170927	0.353	0.121	2.0	22.1	0.56	1.02	0.0	0.00	91.5	0.3	0.0	4.4	0.000	0.000	0.353	0.351	0.002
20170928	0.344	0.141	1.5	13.0	1.27	2.27	0.0	0.00	91.5	0.2	0.0	4.3	0.000	0.000	0.344	0.341	0.002
20170929	0.318	0.133	0.0	8.1	1.33	2.40	0.0	0.00	90.1	0.0	0.0	4.0	0.000	0.000	0.318	0.316	0.002
20170930	0.298	0.147	0.3	6.8	1.77	3.23	0.0	0.00	88.6	0.0	0.0	3.7	0.000	0.000	0.298	0.296	0.002